2563at3699	0	67	667
4665at3699	0	61	607
17981at3699	0	47	240
13299at3699	0	28	275
7802at3699	0	45	448
2395at3699	0	69	690
1617at3699	0	72	718
2705at3699	0	68	634
2971at3699	0	63	629
9128at3699	0	38	380
6629at3699	0	46	463
10222at3699	0	36	362
18872at3699	0	54	288
978at3699	0	103	881
14553at3699	0	30	304
7364at3699	0	54	540
13066at3699	0	34	343
2712at3699	0	53	533
18043at3699	0	20	195
6099at3699	0	41	409
16046at3699	0	22	221
775at3699	0	86	860
1633at3699	0	90	904
18450at3699	0	26	257
8302at3699	0	60	422
20633at3699	0	23	228
12701at3699	0	38	380
4281at3699	0	52	521
6100at3699	0	42	424
4515at3699	0	95	519
4536at3699	0	52	516
1984at3699	0	72	724
17868at3699	0	47	330
4583at3699	0	51	508
2350at3699	0	64	644
16623at3699	0	22	219
7856at3699	0	41	413
7589at3699	0	45	448
353at3699	0	101	1014
15093at3699	0	27	272
1997at3699	0	64	641
10604at3699	0	34	342
12201at3699	0	29	285
3093at3699	0	72	716
4015at3699	0	57	569
4788at3699	0	47	466
19471at3699	0	18	184
17416at3699	0	34	337
9181at3699	0	39	391
12389at3699	0	29	290
7188at3699	0	41	405
6841at3699	0	40	398
24802at3699	0	8	84
10347at3699	0	62	624
7107at3699	0	41	413
14982at3699	0	28	277
10810at3699	0	30	302
3967at3699	0	65	647
5297at3699	0	51	507
11205at3699	0	32	321
17658at3699	0	30	295
9978at3699	0	36	363
20615at3699	0	18	181
10269at3699	0	55	545
25350at3699	0	11	111
17888at3699	0	41	256
21889at3699	0	8	76
3911at3699	0	49	493
1752at3699	0	70	702
24425at3699	0	10	104
9023at3699	0	40	404
16241at3699	0	32	220
19497at3699	0	19	185
3962at3699	0	75	548
8264at3699	0	41	411
19537at3699	0	19	193
12141at3699	0	31	312
6044at3699	0	47	470
21390at3699	0	14	136
948at3699	0	90	900
8939at3699	0	24	237
774at3699	0	85	853
4335at3699	0	53	531
26175at3699	0	12	123
8746at3699	0	37	373
3558at3699	0	60	596
6861at3699	0	40	399
10377at3699	0	38	381
20095at3699	0	29	240
3931at3699	0	58	575
1108at3699	0	86	858
22132at3699	0	14	144
4073at3699	0	57	566
25680at3699	0	8	84
1425at3699	0	82	816
5939at3699	0	54	538
12170at3699	0	106	360
14141at3699	0	26	262
4856at3699	0	45	448
14207at3699	0	34	343
24743at3699	0	11	107
23053at3699	0	15	152
20693at3699	0	19	187
12896at3699	0	28	277
23118at3699	0	15	145
11378at3699	0	28	280
21033at3699	0	24	236
25902at3699	0	11	105
121at3699	0	368	1340
16106at3699	0	27	274
1305at3699	0	89	889
12207at3699	0	32	323
12148at3699	0	36	359
1936at3699	0	101	600
22145at3699	0	14	140
15346at3699	0	26	255
9518at3699	0	38	376
22237at3699	0	17	166
16817at3699	0	22	222
16262at3699	0	21	205
3198at3699	0	55	553
1688at3699	0	70	704
21370at3699	0	22	219
6921at3699	0	52	519
13727at3699	0	42	273
4919at3699	0	51	511
3455at3699	0	169	596
12910at3699	0	20	181
2778at3699	0	72	723
22523at3699	0	16	163
19913at3699	0	34	167
19110at3699	0	18	176
19286at3699	0	21	207
1658at3699	0	74	743
6365at3699	0	46	460
8161at3699	0	39	390
8505at3699	0	38	383
1669at3699	0	69	690
10691at3699	0	28	280
10382at3699	0	35	352
5831at3699	0	51	510
1643at3699	0	83	832
23856at3699	0	14	144
2631at3699	0	65	645
8348at3699	0	54	435
6655at3699	0	40	403
10212at3699	0	43	377
3042at3699	0	53	534
5074at3699	0	56	557
22147at3699	0	29	116
10633at3699	0	32	316
3735at3699	0	56	561
6767at3699	0	65	362
1158at3699	0	79	787
4048at3699	0	51	509
4872at3699	0	47	474
15015at3699	0	32	267
14905at3699	0	23	230
24144at3699	0	10	97
692at3699	0	98	979
15762at3699	0	29	285
911at3699	0	88	881
474at3699	0	95	950
3639at3699	0	56	556
14147at3699	0	25	253
23610at3699	0	11	109
11821at3699	0	31	313
16775at3699	0	30	233
2349at3699	0	75	752
7941at3699	0	37	371
1454at3699	0	69	685
10507at3699	0	49	491
13085at3699	0	29	290
15394at3699	0	33	327
13611at3699	0	34	341
20134at3699	0	18	180
1481at3699	0	267	891
13022at3699	0	29	291
17184at3699	0	37	216
8455at3699	0	38	376
14338at3699	0	27	270
21464at3699	0	16	159
1433at3699	0	79	788
18090at3699	0	24	243
3231at3699	0	51	512
290at3699	0	118	1181
1469at3699	0	71	713
14457at3699	0	30	298
17722at3699	0	56	261
267at3699	0	202	1190
22799at3699	0	11	107
97at3699	0	243	1454
536at3699	0	109	1089
2439at3699	0	64	636
21866at3699	0	21	208
1396at3699	0	77	768
25692at3699	0	13	126
6878at3699	0	49	486
6071at3699	0	54	539
19333at3699	0	20	204
8827at3699	0	41	413
12407at3699	0	33	333
19660at3699	0	16	164
7299at3699	0	41	414
3737at3699	0	57	567
2201at3699	0	150	693
9658at3699	0	38	384
1790at3699	0	151	766
11409at3699	0	40	404
15355at3699	0	28	280
19078at3699	0	21	208
5713at3699	0	47	467
8546at3699	0	39	386
5569at3699	0	48	475
12635at3699	0	30	304
20133at3699	0	16	155
18932at3699	0	29	292
9647at3699	0	53	534
4223at3699	0	51	514
17589at3699	0	42	186
24592at3699	0	15	145
1356at3699	0	75	750
11643at3699	0	122	448
22273at3699	0	26	165
24463at3699	0	13	102
17960at3699	0	22	217
16351at3699	0	27	269
1837at3699	0	67	673
113at3699	0	154	1541
18535at3699	0	18	183
15861at3699	0	23	226
18865at3699	0	20	204
15939at3699	0	25	247
16468at3699	0	28	279
18155at3699	0	20	198
13260at3699	0	51	381
1656at3699	0	70	695
6270at3699	0	54	539
11434at3699	0	39	392
17689at3699	0	20	201
10561at3699	0	39	270
24729at3699	0	30	194
21665at3699	0	23	229
12950at3699	0	29	287
19556at3699	0	17	172
22089at3699	0	13	118
11387at3699	0	29	287
23197at3699	0	14	139
6958at3699	0	37	370
1993at3699	0	73	726
9130at3699	0	36	360
3211at3699	0	60	598
323at3699	0	118	1176
17390at3699	0	20	198
10616at3699	0	33	327
317at3699	0	316	1054
8393at3699	0	36	355
18769at3699	0	25	249
19743at3699	0	20	199
18091at3699	0	26	246
25165at3699	0	10	99
5000at3699	0	51	505
7035at3699	0	59	590
3852at3699	0	72	488
4540at3699	0	54	539
7800at3699	0	40	400
8539at3699	0	58	577
2689at3699	0	172	631
918at3699	0	97	973
20986at3699	0	16	163
11689at3699	0	27	268
23745at3699	0	28	176
17971at3699	0	20	197
22993at3699	0	17	171
4411at3699	0	49	485
11098at3699	0	40	399
13776at3699	0	30	299
15290at3699	0	31	309
15288at3699	0	21	211
20206at3699	0	17	172
22315at3699	0	23	230
9224at3699	0	41	407
3926at3699	0	49	494
701at3699	0	86	859
9454at3699	0	42	419
8816at3699	0	38	382
6737at3699	0	39	387
2622at3699	0	56	557
6797at3699	0	43	427
2756at3699	0	60	597
2269at3699	0	70	701
24979at3699	0	10	102
21402at3699	0	17	167
11806at3699	0	42	364
4871at3699	0	48	482
5677at3699	0	50	499
1650at3699	0	65	649
14704at3699	0	26	262
5007at3699	0	55	549
1351at3699	0	77	770
1589at3699	0	88	880
26267at3699	0	10	96
8597at3699	0	38	380
6819at3699	0	42	415
2598at3699	0	69	689
20246at3699	0	18	175
9709at3699	0	35	349
17734at3699	0	21	208
20661at3699	0	15	146
20125at3699	0	15	150
3619at3699	0	54	538
13906at3699	0	28	278
17779at3699	0	23	225
14229at3699	0	30	303
1083at3699	0	83	834
3699at3699	0	60	596
20678at3699	0	19	189
8812at3699	0	39	392
4970at3699	0	51	506
19325at3699	0	18	179
5641at3699	0	48	483
8605at3699	0	40	396
8768at3699	0	44	443
1657at3699	0	72	719
4985at3699	0	49	489
14646at3699	0	28	276
8789at3699	0	36	361
7228at3699	0	85	467
18981at3699	0	17	167
15954at3699	0	32	324
13887at3699	0	28	279
17239at3699	0	21	208
7255at3699	0	44	440
4512at3699	0	50	502
23030at3699	0	16	163
11450at3699	0	34	340
9165at3699	0	37	372
24366at3699	0	12	115
22254at3699	0	13	127
18620at3699	0	21	207
20623at3699	0	16	161
2994at3699	0	70	524
7643at3699	0	58	382
577at3699	0	93	926
11415at3699	0	31	307
1527at3699	0	73	734
3703at3699	0	56	560
18966at3699	0	22	205
1745at3699	0	74	743
10847at3699	0	36	353
16457at3699	0	20	198
1403at3699	0	86	863
9288at3699	0	35	349
9957at3699	0	37	374
2246at3699	0	169	684
21461at3699	0	20	158
12426at3699	0	32	318
4774at3699	0	48	484
19763at3699	0	21	210
4250at3699	0	55	547
5574at3699	0	136	495
6219at3699	0	46	463
22109at3699	0	16	155
7082at3699	0	50	502
925at3699	0	177	857
20802at3699	0	19	188
5649at3699	0	45	450
10913at3699	0	30	297
6248at3699	0	44	440
20755at3699	0	20	198
11413at3699	0	88	450
14151at3699	0	29	287
16229at3699	0	24	237
16355at3699	0	26	260
7681at3699	0	42	419
6663at3699	0	40	402
14818at3699	0	34	340
5622at3699	0	49	494
3792at3699	0	62	621
13360at3699	0	30	299
14232at3699	0	26	262
1927at3699	0	66	663
16577at3699	0	26	256
18275at3699	0	28	275
23824at3699	0	11	108
11182at3699	0	31	306
155at3699	0	133	1331
7660at3699	0	56	428
5645at3699	0	43	429
21283at3699	0	13	134
411at3699	0	106	1059
2434at3699	0	61	605
20093at3699	0	14	141
1512at3699	0	177	666
90at3699	0	168	1675
5554at3699	0	46	458
115at3699	0	148	1482
2926at3699	0	59	588
452at3699	0	119	1191
17061at3699	0	19	194
9330at3699	0	37	372
5546at3699	0	55	546
20314at3699	0	13	127
12220at3699	0	32	319
16007at3699	0	22	221
6980at3699	0	39	385
7644at3699	0	39	388
20286at3699	0	16	155
15978at3699	0	23	230
6166at3699	0	48	479
12440at3699	0	30	298
16391at3699	0	37	372
5424at3699	0	51	508
3365at3699	0	57	574
3799at3699	0	56	562
6566at3699	0	106	530
13256at3699	0	29	290
8548at3699	0	34	344
2239at3699	0	65	648
3815at3699	0	51	512
7005at3699	0	44	440
7921at3699	0	39	391
5019at3699	0	51	480
2008at3699	0	68	676
7320at3699	0	49	487
4740at3699	0	91	474
2586at3699	0	61	610
20425at3699	0	15	151
10047at3699	0	61	613
4544at3699	0	51	511
841at3699	0	80	799
9577at3699	0	42	418
22682at3699	0	13	125
19071at3699	0	21	207
18771at3699	0	20	198
8068at3699	0	39	391
13084at3699	0	26	262
13799at3699	0	32	317
4388at3699	0	62	620
24483at3699	0	11	114
14584at3699	0	25	246
1661at3699	0	90	895
16089at3699	0	22	221
25814at3699	0	10	96
22629at3699	0	17	169
565at3699	0	91	907
5204at3699	0	47	473
12337at3699	0	32	322
2278at3699	0	62	624
13153at3699	0	25	247
20994at3699	0	20	196
14016at3699	0	31	279
25172at3699	0	8	83
9221at3699	0	43	428
13273at3699	0	27	272
22226at3699	0	11	110
2374at3699	0	71	706
12612at3699	0	31	314
5202at3699	0	47	470
4234at3699	0	50	496
13447at3699	0	30	298
19420at3699	0	18	183
488at3699	0	97	968
2213at3699	0	85	620
4386at3699	0	51	509
3297at3699	0	55	551
18167at3699	0	22	217
18945at3699	0	19	187
464at3699	0	97	968
21995at3699	0	15	152
2744at3699	0	54	540
3574at3699	0	99	594
6062at3699	0	86	403
16291at3699	0	24	244
16470at3699	0	28	282
24465at3699	0	10	97
5531at3699	0	44	438
9211at3699	0	36	356
9514at3699	0	37	373
19464at3699	0	18	183
18380at3699	0	23	232
25831at3699	0	11	109
14449at3699	0	28	284
20760at3699	0	15	152
18889at3699	0	28	279
9141at3699	0	51	506
17141at3699	0	25	252
4157at3699	0	52	516
223at3699	0	142	1238
14549at3699	0	26	255
11609at3699	0	31	305
13130at3699	0	35	348
19407at3699	0	16	161
7186at3699	0	41	410
12753at3699	0	38	384
19890at3699	0	22	217
16389at3699	0	26	255
17381at3699	0	23	211
18135at3699	0	23	228
16821at3699	0	25	242
18944at3699	0	19	188
16303at3699	0	22	216
14765at3699	0	26	261
15264at3699	0	25	250
4705at3699	0	46	460
23525at3699	0	13	128
1236at3699	0	76	755
15886at3699	0	28	223
1188at3699	0	90	900
334at3699	0	106	1057
11838at3699	0	70	302
11865at3699	0	33	325
4053at3699	0	55	548
5529at3699	0	45	449
5629at3699	0	40	395
14105at3699	0	25	250
5814at3699	0	46	462
11573at3699	0	30	303
10019at3699	0	34	337
965at3699	0	106	817
11223at3699	0	31	310
1670at3699	0	73	733
21568at3699	0	14	138
13910at3699	0	26	257
9751at3699	0	45	450
8947at3699	0	39	386
1948at3699	0	70	631
15018at3699	0	30	302
9845at3699	0	34	344
11083at3699	0	33	333
1496at3699	0	87	874
12378at3699	0	30	297
5016at3699	0	49	485
10250at3699	0	34	341
20243at3699	0	15	145
13924at3699	0	32	319
1966at3699	0	66	663
6595at3699	0	50	457
18184at3699	0	17	165
4399at3699	0	48	481
2610at3699	0	64	642
4700at3699	0	46	461
12418at3699	0	29	290
10857at3699	0	60	604
4884at3699	0	50	497
2555at3699	0	51	511
22812at3699	0	15	147
2869at3699	0	57	571
16066at3699	0	24	235
11823at3699	0	34	335
17655at3699	0	23	230
5923at3699	0	43	431
22209at3699	0	17	167
10786at3699	0	31	313
9438at3699	0	36	357
10808at3699	0	35	347
8926at3699	0	47	474
14376at3699	0	29	294
3010at3699	0	78	586
16162at3699	0	29	294
16639at3699	0	22	216
11729at3699	0	32	321
2623at3699	0	55	550
22695at3699	0	13	128
5291at3699	0	49	490
11825at3699	0	32	315
5767at3699	0	37	374
23387at3699	0	32	177
3848at3699	0	59	590
23602at3699	0	12	120
10366at3699	0	33	331
3591at3699	0	57	574
22378at3699	0	13	130
10299at3699	0	31	311
4792at3699	0	48	483
21796at3699	0	14	137
20540at3699	0	17	171
16304at3699	0	28	281
17182at3699	0	22	218
10453at3699	0	33	331
6858at3699	0	41	406
12449at3699	0	28	276
9022at3699	0	38	381
18971at3699	0	25	254
10240at3699	0	35	346
23788at3699	0	10	98
8144at3699	0	42	422
6859at3699	0	44	435
10502at3699	0	42	417
19183at3699	0	28	276
3568at3699	0	55	545
435at3699	0	120	1197
4401at3699	0	59	586
22371at3699	0	14	141
13550at3699	0	31	312
1785at3699	0	78	784
14236at3699	0	26	259
3991at3699	0	56	563
15658at3699	0	29	286
5491at3699	0	71	713
23911at3699	0	12	117
18641at3699	0	21	205
17597at3699	0	24	238
20295at3699	0	18	177
26077at3699	0	6	57
21664at3699	0	16	163
8438at3699	0	37	369
15164at3699	0	28	282
1420at3699	0	91	907
8368at3699	0	39	389
10445at3699	0	38	341
7706at3699	0	43	431
950at3699	0	91	906
102at3699	0	276	1360
7835at3699	0	37	370
2787at3699	0	62	624
6784at3699	0	50	497
12629at3699	0	34	337
25264at3699	0	12	116
12974at3699	0	31	311
8383at3699	0	39	390
1728at3699	0	73	732
17156at3699	0	23	229
7062at3699	0	43	425
2310at3699	0	70	700
10638at3699	0	48	409
19998at3699	0	16	158
19758at3699	0	23	227
11538at3699	0	60	595
21731at3699	0	10	104
5827at3699	0	41	409
24774at3699	0	9	87
13596at3699	0	26	260
11699at3699	0	35	350
932at3699	0	78	783
9313at3699	0	35	346
4932at3699	0	78	492
2762at3699	0	59	589
7689at3699	0	43	429
3367at3699	0	54	538
1092at3699	0	102	991
3559at3699	0	56	561
9057at3699	0	36	363
2373at3699	0	81	806
313at3699	0	117	1173
24298at3699	0	10	104
13151at3699	0	24	244
16925at3699	0	20	200
9353at3699	0	45	446
2124at3699	0	73	725
12336at3699	0	30	296
2937at3699	0	59	589
2775at3699	0	63	631
8334at3699	0	40	395
15915at3699	0	24	243
14644at3699	0	23	232
1160at3699	0	76	756
7893at3699	0	38	377
8590at3699	0	38	378
12042at3699	0	30	303
8036at3699	0	36	357
5944at3699	0	71	413
13446at3699	0	28	283
24369at3699	0	10	77
3129at3699	0	59	593
62at3699	0	183	1827
21778at3699	0	24	236
9912at3699	0	36	357
16504at3699	0	18	181
784at3699	0	88	880
2973at3699	0	62	620
1696at3699	0	78	783
4865at3699	0	54	544
7090at3699	0	41	412
9740at3699	0	37	366
1513at3699	0	73	732
22472at3699	0	13	134
13191at3699	0	36	358
17744at3699	0	17	173
2066at3699	0	65	653
22872at3699	0	12	118
13614at3699	0	25	248
21757at3699	0	14	142
23723at3699	0	11	114
9815at3699	0	33	326
15725at3699	0	26	260
7083at3699	0	48	484
21006at3699	0	18	180
4315at3699	0	47	470
1732at3699	0	62	624
16065at3699	0	24	238
20358at3699	0	21	208
370at3699	0	114	1142
15137at3699	0	24	235
6829at3699	0	44	439
13963at3699	0	28	279
12636at3699	0	28	279
16082at3699	0	23	234
4967at3699	0	48	480
22416at3699	0	49	242
22867at3699	0	18	183
20381at3699	0	12	120
8909at3699	0	35	349
8602at3699	0	37	371
18767at3699	0	19	185
11046at3699	0	31	306
2443at3699	0	64	644
18548at3699	0	26	260
10720at3699	0	34	343
268at3699	0	119	1192
11508at3699	0	30	298
20261at3699	0	17	174
2420at3699	0	65	651
17241at3699	0	19	189
3497at3699	0	94	576
21319at3699	0	14	140
13529at3699	0	26	262
19753at3699	0	18	175
921at3699	0	86	863
4760at3699	0	53	529
8685at3699	0	41	405
2851at3699	0	63	634
16928at3699	0	21	209
16043at3699	0	30	298
18126at3699	0	22	218
26524at3699	0	9	94
1824at3699	0	70	695
16700at3699	0	57	236
1076at3699	0	90	896
16475at3699	0	23	231
16473at3699	0	28	191
23754at3699	0	10	103
2527at3699	0	65	645
4499at3699	0	83	490
18999at3699	0	16	158
11951at3699	0	95	330
17083at3699	0	19	191
2159at3699	0	62	623
4677at3699	0	48	480
2394at3699	0	71	705
7508at3699	0	40	396
14833at3699	0	24	238
9487at3699	0	33	331
3795at3699	0	54	539
10844at3699	0	32	321
4879at3699	0	46	463
23984at3699	0	14	137
23873at3699	0	14	140
15435at3699	0	24	241
5736at3699	0	41	407
16728at3699	0	23	233
527at3699	0	96	960
22895at3699	0	12	118
16128at3699	0	27	269
1941at3699	0	79	793
11571at3699	0	32	320
1533at3699	0	76	757
17877at3699	0	34	342
4292at3699	0	56	558
4240at3699	0	73	481
13764at3699	0	27	269
9350at3699	0	97	407
3091at3699	0	166	687
3007at3699	0	58	578
7832at3699	0	37	366
3985at3699	0	52	524
3150at3699	0	105	520
7271at3699	0	136	460
21974at3699	0	20	196
3089at3699	0	68	683
18588at3699	0	23	225
1037at3699	0	84	835
1572at3699	0	75	743
11367at3699	0	31	313
8278at3699	0	43	432
16553at3699	0	24	237
18013at3699	0	24	244
12064at3699	0	78	284
19960at3699	0	21	209
3646at3699	0	64	636
8568at3699	0	35	351
20932at3699	0	16	157
24616at3699	0	14	135
1722at3699	0	70	696
6799at3699	0	43	429
15912at3699	0	24	244
6371at3699	0	45	453
3675at3699	0	52	520
18478at3699	0	18	181
19150at3699	0	21	209
1223at3699	0	78	784
7205at3699	0	41	405
7073at3699	0	37	374
9348at3699	0	41	412
10090at3699	0	37	367
1145at3699	0	80	797
9268at3699	0	104	525
18029at3699	0	20	200
2846at3699	0	59	589
19829at3699	0	40	155
26250at3699	0	11	97
11600at3699	0	28	283
15532at3699	0	24	236
10661at3699	0	36	358
9076at3699	0	44	440
182at3699	0	124	1238
15970at3699	0	23	232
3075at3699	0	56	557
25235at3699	0	9	87
9262at3699	0	37	373
22045at3699	0	14	138
25248at3699	0	10	96
12689at3699	0	30	300
18480at3699	0	19	194
5829at3699	0	48	477
24376at3699	0	11	109
11331at3699	0	36	357
4688at3699	0	62	623
21792at3699	0	24	244
5103at3699	0	52	521
13842at3699	0	31	306
19316at3699	0	38	194
16971at3699	0	21	208
5452at3699	0	110	453
7883at3699	0	47	467
6548at3699	0	40	404
15315at3699	0	23	227
398at3699	0	101	1012
18404at3699	0	17	172
13424at3699	0	28	284
17422at3699	0	27	274
4138at3699	0	49	491
2812at3699	0	68	681
1177at3699	0	71	705
17165at3699	0	29	207
3088at3699	0	58	582
22600at3699	0	16	163
15631at3699	0	28	281
12283at3699	0	36	359
12243at3699	0	47	468
5372at3699	0	47	468
9578at3699	0	41	407
7540at3699	0	38	384
10488at3699	0	33	333
13392at3699	0	28	283
8922at3699	0	46	456
6161at3699	0	45	447
2905at3699	0	56	556
4488at3699	0	27	270
13921at3699	0	35	281
14705at3699	0	28	278
6188at3699	0	44	444
7635at3699	0	46	462
9645at3699	0	42	418
17046at3699	0	21	212
7041at3699	0	43	425
646at3699	0	103	1030
14127at3699	0	42	257
22545at3699	0	14	135
9184at3699	0	41	413
5327at3699	0	49	487
5340at3699	0	51	505
17142at3699	0	20	204
18632at3699	0	21	209
13002at3699	0	35	354
4651at3699	0	48	484
4561at3699	0	48	476
18259at3699	0	28	178
8737at3699	0	41	408
18877at3699	0	28	217
14at3699	0	280	2796
6056at3699	0	57	569
10071at3699	0	34	340
2807at3699	0	57	569
10634at3699	0	34	344
315at3699	0	114	1135
16558at3699	0	22	216
903at3699	0	87	868
12150at3699	0	42	416
2047at3699	0	119	656
5371at3699	0	46	460
3879at3699	0	51	508
1652at3699	0	80	804
15478at3699	0	24	238
14239at3699	0	25	253
19926at3699	0	21	209
4530at3699	0	52	518
2647at3699	0	60	595
13638at3699	0	26	262
18969at3699	0	23	233
12239at3699	0	39	393
12019at3699	0	28	283
6774at3699	0	44	436
94at3699	0	178	1781
14391at3699	0	28	276
10188at3699	0	39	390
5040at3699	0	50	499
14531at3699	0	25	245
8850at3699	0	33	331
2793at3699	0	60	595
7297at3699	0	41	412
9183at3699	0	40	401
19821at3699	0	17	173
11940at3699	0	32	320
21960at3699	0	13	130
9776at3699	0	39	388
17852at3699	0	22	224
13874at3699	0	31	307
7355at3699	0	42	419
23646at3699	0	13	129
4914at3699	0	45	450
96at3699	0	155	1545
25834at3699	0	15	146
333at3699	0	188	1034
21944at3699	0	17	172
23571at3699	0	11	111
1832at3699	0	72	717
7633at3699	0	49	491
25525at3699	0	3	32
7725at3699	0	37	373
2487at3699	0	77	767
5894at3699	0	44	444
2261at3699	0	65	647
13353at3699	0	44	435
6598at3699	0	115	384
10841at3699	0	32	318
19778at3699	0	16	159
23292at3699	0	20	201
3177at3699	0	58	577
4577at3699	0	51	512
625at3699	0	158	918
6185at3699	0	43	434
14182at3699	0	31	314
2152at3699	0	63	633
11845at3699	0	31	309
12074at3699	0	31	305
12401at3699	0	36	359
8069at3699	0	40	395
23886at3699	0	20	202
9910at3699	0	37	365
3731at3699	0	56	555
6140at3699	0	47	466
741at3699	0	85	853
13548at3699	0	31	308
18306at3699	0	23	234
7104at3699	0	39	386
14481at3699	0	25	252
14499at3699	0	30	299
7586at3699	0	41	409
7986at3699	0	134	655
23687at3699	0	10	102
2870at3699	0	60	597
11323at3699	0	34	340
11539at3699	0	31	309
15519at3699	0	24	239
3713at3699	0	56	556
19970at3699	0	21	211
7794at3699	0	39	386
8749at3699	0	43	428
18817at3699	0	19	192
13307at3699	0	35	349
6550at3699	0	41	406
6965at3699	0	41	411
7631at3699	0	43	433
19750at3699	0	16	164
18682at3699	0	40	403
24086at3699	0	12	115
7798at3699	0	40	404
8905at3699	0	51	511
3268at3699	0	54	541
11130at3699	0	77	325
3043at3699	0	57	565
8975at3699	0	35	351
21010at3699	0	26	204
17359at3699	0	25	248
5696at3699	0	44	442
3761at3699	0	58	581
2187at3699	0	59	577
13267at3699	0	26	255
6052at3699	0	44	442
9725at3699	0	35	351
7036at3699	0	37	371
12723at3699	0	30	304
1264at3699	0	81	809
22589at3699	0	12	118
294at3699	0	124	1242
10324at3699	0	33	329
75at3699	0	303	1619
12532at3699	0	26	255
1878at3699	0	66	663
17038at3699	0	30	302
23875at3699	0	14	139
842at3699	0	149	841
1547at3699	0	69	694
927at3699	0	75	751
737at3699	0	92	917
1098at3699	0	86	858
19521at3699	0	16	156
7548at3699	0	42	421
12133at3699	0	31	307
11843at3699	0	32	317
9800at3699	0	38	376
169at3699	0	332	1154
13205at3699	0	27	266
14452at3699	0	24	236
15540at3699	0	27	270
172at3699	0	135	1240
7438at3699	0	42	420
12123at3699	0	38	376
3928at3699	0	58	581
620at3699	0	105	1052
3232at3699	0	59	591
2006at3699	0	78	780
14630at3699	0	29	288
1005at3699	0	85	852
22856at3699	0	19	186
9526at3699	0	36	359
10045at3699	0	81	402
2600at3699	0	67	673
4191at3699	0	67	510
9037at3699	0	38	375
1004at3699	0	81	806
25367at3699	0	12	120
6868at3699	0	39	386
15418at3699	0	25	251
10880at3699	0	31	314
11481at3699	0	31	313
4320at3699	0	52	519
303at3699	0	177	1133
1241at3699	0	76	756
10306at3699	0	42	423
16972at3699	0	37	215
4578at3699	0	52	515
11224at3699	0	36	355
1883at3699	0	119	701
4367at3699	0	61	612
2499at3699	0	61	611
23223at3699	0	11	112
26413at3699	0	5	52
24036at3699	0	17	169
18197at3699	0	27	269
14862at3699	0	30	297
7551at3699	0	46	464
12832at3699	0	14	140
25133at3699	0	6	62
11997at3699	0	31	311
9688at3699	0	36	355
1456at3699	0	78	783
10666at3699	0	32	317
17489at3699	0	50	502
22387at3699	0	12	123
1625at3699	0	70	697
10053at3699	0	36	360
20411at3699	0	19	191
11199at3699	0	35	354
21008at3699	0	20	190
22742at3699	0	14	142
1905at3699	0	76	761
3964at3699	0	59	588
363at3699	0	103	1030
18975at3699	0	29	234
5931at3699	0	45	445
7264at3699	0	42	417
22048at3699	0	14	142
19953at3699	0	26	263
25041at3699	0	13	132
780at3699	0	92	917
6460at3699	0	43	429
6337at3699	0	48	479
15438at3699	0	22	223
1786at3699	0	66	664
15198at3699	0	26	251
23190at3699	0	12	118
10176at3699	0	43	296
15579at3699	0	25	248
21150at3699	0	15	147
9802at3699	0	43	430
13775at3699	0	28	278
12223at3699	0	35	354
24882at3699	0	9	94
13065at3699	0	28	281
8116at3699	0	44	441
3499at3699	0	54	540
12329at3699	0	28	284
23908at3699	0	12	120
11164at3699	0	63	284
24302at3699	0	11	113
5660at3699	0	43	429
15064at3699	0	28	280
17720at3699	0	20	198
12638at3699	0	33	327
22760at3699	0	14	144
11008at3699	0	40	396
8055at3699	0	45	454
2752at3699	0	96	603
9267at3699	0	59	473
26432at3699	0	13	113
18278at3699	0	18	176
22637at3699	0	12	122
9941at3699	0	37	368
20306at3699	0	19	186
10048at3699	0	35	350
23131at3699	0	12	120
5568at3699	0	46	456
7137at3699	0	123	535
18899at3699	0	17	167
16572at3699	0	22	221
21201at3699	0	19	188
14009at3699	0	29	289
7822at3699	0	39	392
10317at3699	0	31	307
22386at3699	0	73	285
21161at3699	0	20	204
3456at3699	0	59	590
10642at3699	0	43	310
1890at3699	0	70	695
14561at3699	0	29	292
942at3699	0	80	800
12849at3699	0	40	400
22889at3699	0	12	124
22887at3699	0	13	126
12184at3699	0	32	322
45at3699	0	183	1825
4883at3699	0	50	487
12116at3699	0	32	318
21459at3699	0	12	120
2071at3699	0	64	635
25240at3699	0	11	113
6493at3699	0	46	461
11201at3699	0	83	330
6546at3699	0	54	544
9701at3699	0	168	585
4547at3699	0	77	526
26675at3699	0	15	152
6973at3699	0	72	376
16634at3699	0	28	282
21094at3699	0	22	216
17074at3699	0	21	211
25080at3699	0	10	102
2337at3699	0	76	755
7469at3699	0	41	411
21120at3699	0	19	194
19965at3699	0	18	182
8815at3699	0	38	376
18734at3699	0	18	177
25469at3699	0	42	146
16256at3699	0	29	216
13517at3699	0	37	373
20227at3699	0	16	158
4908at3699	0	43	431
1666at3699	0	68	648
15at3699	0	446	2430
25605at3699	0	8	83
26653at3699	0	8	63
15336at3699	0	40	223
8908at3699	0	35	354
17054at3699	0	24	242
8343at3699	0	43	430
18334at3699	0	38	184
14400at3699	0	41	249
505at3699	0	102	1017
5503at3699	0	50	502
19172at3699	0	18	184
10931at3699	0	32	315
19242at3699	0	22	222
23102at3699	0	15	152
17252at3699	0	24	238
19178at3699	0	20	199
3915at3699	0	82	516
6117at3699	0	53	525
9403at3699	0	36	361
9092at3699	0	38	382
4988at3699	0	46	455
20334at3699	0	25	253
17651at3699	0	21	213
11078at3699	0	35	349
6205at3699	0	41	405
19473at3699	0	22	219
1122at3699	0	81	809
3653at3699	0	56	559
607at3699	0	86	855
9294at3699	0	36	363
19274at3699	0	19	188
22684at3699	0	20	199
436at3699	0	95	954
2301at3699	0	72	721
16765at3699	0	22	220
8165at3699	0	70	376
5542at3699	0	44	441
22815at3699	0	12	124
15061at3699	0	25	249
10133at3699	0	37	371
16926at3699	0	23	227
25115at3699	0	13	130
22051at3699	0	21	184
5011at3699	0	44	439
22018at3699	0	15	145
14191at3699	0	31	310
14527at3699	0	32	323
4313at3699	0	49	490
3600at3699	0	57	566
21366at3699	0	13	134
19591at3699	0	21	213
16917at3699	0	20	197
17510at3699	0	20	195
25587at3699	0	27	144
6871at3699	0	42	419
4877at3699	0	69	595
25015at3699	0	8	65
12822at3699	0	38	376
12564at3699	0	43	434
13226at3699	0	27	274
20448at3699	0	18	183
20798at3699	0	15	146
1710at3699	0	74	740
19411at3699	0	20	201
12468at3699	0	29	290
13408at3699	0	33	329
20853at3699	0	16	159
18707at3699	0	21	208
3672at3699	0	59	585
578at3699	0	116	855
20068at3699	0	17	166
9942at3699	0	51	336
931at3699	0	87	867
3821at3699	0	58	575
14198at3699	0	26	264
16176at3699	0	22	222
8239at3699	0	40	353
11734at3699	0	33	326
12053at3699	0	31	313
5121at3699	0	66	502
238at3699	0	123	1229
835at3699	0	88	883
21704at3699	0	13	125
3588at3699	0	54	538
2416at3699	0	68	678
18973at3699	0	36	261
18557at3699	0	21	208
14512at3699	0	36	358
16595at3699	0	25	245
6191at3699	0	45	446
3927at3699	0	50	499
20812at3699	0	15	153
10740at3699	0	38	376
509at3699	0	95	953
3990at3699	0	57	570
9589at3699	0	38	375
3276at3699	0	86	560
20999at3699	0	17	165
7606at3699	0	41	413
12269at3699	0	97	526
13641at3699	0	29	285
3658at3699	0	53	505
13549at3699	0	28	278
16589at3699	0	34	303
13373at3699	0	31	310
2027at3699	0	68	679
4404at3699	0	60	598
20881at3699	0	14	135
6097at3699	0	54	539
6664at3699	0	45	454
18331at3699	0	38	235
17614at3699	0	24	241
12163at3699	0	27	270
11471at3699	0	35	353
10371at3699	0	34	335
7146at3699	0	40	400
2982at3699	0	58	578
6894at3699	0	44	442
22403at3699	0	20	195
3745at3699	0	55	545
6608at3699	0	46	460
372at3699	0	187	991
5844at3699	0	41	414
7399at3699	0	56	458
19765at3699	0	28	280
4498at3699	0	51	513
30at3699	0	275	2147
13385at3699	0	36	362
16551at3699	0	22	222
12060at3699	0	40	402
9410at3699	0	39	394
19808at3699	0	18	178
18440at3699	0	24	237
5842at3699	0	45	448
11976at3699	0	38	382
5326at3699	0	49	485
14378at3699	0	34	297
22370at3699	0	14	142
17818at3699	0	20	199
1913at3699	0	66	660
6609at3699	0	47	468
13480at3699	0	31	309
11501at3699	0	31	309
21749at3699	0	14	138
9943at3699	0	46	351
7202at3699	0	41	407
19584at3699	0	17	174
10944at3699	0	38	378
15231at3699	0	34	335
21421at3699	0	12	124
217at3699	0	235	1218
112at3699	0	388	1408
3849at3699	0	60	603
16268at3699	0	23	230
11774at3699	0	29	287
3644at3699	0	61	605
17630at3699	0	23	228
20at3699	0	223	2228
2209at3699	0	69	686
10654at3699	0	32	316
18651at3699	0	22	217
17325at3699	0	25	251
17317at3699	0	21	205
15397at3699	0	28	283
1024at3699	0	89	889
2692at3699	0	61	610
18496at3699	0	21	208
15585at3699	0	23	230
19046at3699	0	19	185
4455at3699	0	53	532
5720at3699	0	50	500
8180at3699	0	43	430
22191at3699	0	15	145
12373at3699	0	27	273
15020at3699	0	28	277
2340at3699	0	65	647
17070at3699	0	25	254
3912at3699	0	52	523
6574at3699	0	44	440
20891at3699	0	16	155
22884at3699	0	10	96
507at3699	0	94	944
16845at3699	0	24	244
7133at3699	0	42	420
2103at3699	0	68	678
568at3699	0	100	1002
7973at3699	0	39	389
759at3699	0	159	885
7546at3699	0	40	400
1415at3699	0	92	924
17352at3699	0	22	215
16257at3699	0	22	220
24132at3699	0	11	110
15974at3699	0	25	250
1449at3699	0	78	781
3103at3699	0	72	719
13470at3699	0	25	249
8624at3699	0	38	378
20078at3699	0	16	156
15992at3699	0	24	241
19790at3699	0	20	202
15392at3699	0	24	244
735at3699	0	90	900
9160at3699	0	35	352
24441at3699	0	12	120
19704at3699	0	19	191
15894at3699	0	26	258
17937at3699	0	22	219
12038at3699	0	30	301
6738at3699	0	42	423
16055at3699	0	26	263
6670at3699	0	50	497
10321at3699	0	32	319
9840at3699	0	33	325
17793at3699	0	22	224
16840at3699	0	27	266
17024at3699	0	51	507
4586at3699	0	51	509
6227at3699	0	51	506
5948at3699	0	55	551
2176at3699	0	75	754
2670at3699	0	59	594
3579at3699	0	55	545
8641at3699	0	34	344
10380at3699	0	40	397
17503at3699	0	19	187
21156at3699	0	19	159
9632at3699	0	34	344
12464at3699	0	32	320
18657at3699	0	20	204
12319at3699	0	30	299
23696at3699	0	12	118
8335at3699	0	38	377
434at3699	0	114	1138
1595at3699	0	70	695
2118at3699	0	70	696
4153at3699	0	56	559
6037at3699	0	79	429
6623at3699	0	43	428
16889at3699	0	23	229
21503at3699	0	14	140
2046at3699	0	66	663
18567at3699	0	20	199
19307at3699	0	19	191
14340at3699	0	31	309
10120at3699	0	39	392
15262at3699	0	23	225
6744at3699	0	44	444
24194at3699	0	10	97
6030at3699	0	43	432
1461at3699	0	79	792
15224at3699	0	25	250
4489at3699	0	51	507
1555at3699	0	72	719
5730at3699	0	47	474
9696at3699	0	79	394
20441at3699	0	18	178
3827at3699	0	54	543
21373at3699	0	19	191
20067at3699	0	14	144
21618at3699	0	15	150
11157at3699	0	34	335
13673at3699	0	30	302
6362at3699	0	42	416
2133at3699	0	81	810
12047at3699	0	34	339
19997at3699	0	17	174
11674at3699	0	31	312
8917at3699	0	45	382
1154at3699	0	76	762
9282at3699	0	44	444
1453at3699	0	70	701
2098at3699	0	66	660
1916at3699	0	145	679
26306at3699	0	15	153
20586at3699	0	22	217
13225at3699	0	30	266
20204at3699	0	16	155
7882at3699	0	70	404
3883at3699	0	50	504
2019at3699	0	72	718
13211at3699	0	34	341
8896at3699	0	34	338
18885at3699	0	17	173
17428at3699	0	24	239
8242at3699	0	39	387
13658at3699	0	29	292
19994at3699	0	21	211
5567at3699	0	44	439
10162at3699	0	34	335
8471at3699	0	65	407
23148at3699	0	11	105
12361at3699	0	28	277
10976at3699	0	45	303
14826at3699	0	24	240
12041at3699	0	31	305
20462at3699	0	19	190
7385at3699	0	42	418
591at3699	0	91	914
12128at3699	0	29	290
8365at3699	0	43	427
9871at3699	0	36	360
2624at3699	0	58	581
1811at3699	0	72	719
8248at3699	0	80	409
7608at3699	0	40	403
3961at3699	0	57	570
7847at3699	0	45	450
16226at3699	0	21	212
14896at3699	0	28	280
10879at3699	0	33	332
14204at3699	0	30	304
6374at3699	0	44	437
18026at3699	0	18	182
12793at3699	0	34	342
11905at3699	0	30	300
5476at3699	0	48	480
17318at3699	0	23	227
13119at3699	0	26	262
8577at3699	0	45	445
2768at3699	0	60	596
5357at3699	0	46	456
8935at3699	0	41	412
21692at3699	0	29	292
550at3699	0	185	980
9522at3699	0	44	441
21983at3699	0	14	143
15817at3699	0	31	308
2545at3699	0	79	680
21004at3699	0	16	155
8211at3699	0	44	438
9407at3699	0	40	401
19024at3699	0	18	179
20477at3699	0	13	125
17976at3699	0	19	187
564at3699	0	100	1000
25251at3699	0	26	202
2739at3699	0	62	617
7244at3699	0	39	392
4249at3699	0	55	545
9363at3699	0	34	336
13984at3699	0	48	274
4084at3699	0	74	657
6520at3699	0	47	470
25792at3699	0	6	59
3111at3699	0	54	539
9915at3699	0	41	408
19665at3699	0	16	155
8292at3699	0	39	390
16789at3699	0	69	256
2153at3699	0	67	673
11364at3699	0	32	320
23876at3699	0	11	110
2546at3699	0	73	733
12527at3699	0	38	379
26818at3699	0	6	63
11251at3699	0	37	370
1695at3699	0	71	707
27050at3699	0	6	63
17941at3699	0	19	194
15464at3699	0	28	280
4390at3699	0	50	500
13449at3699	0	31	313
13009at3699	0	30	295
11887at3699	0	30	304
14390at3699	0	28	283
14365at3699	0	27	265
10121at3699	0	45	450
12762at3699	0	27	274
12485at3699	0	34	327
13356at3699	0	27	272
8874at3699	0	40	395
2893at3699	0	68	679
535at3699	0	89	892
10171at3699	0	43	425
6500at3699	0	135	574
18188at3699	0	18	183
781at3699	0	80	800
17084at3699	0	22	220
15858at3699	0	25	249
7360at3699	0	48	479
17847at3699	0	20	198
989at3699	0	120	912
20390at3699	0	22	198
14049at3699	0	27	272
17790at3699	0	22	220
974at3699	0	78	783
11955at3699	0	33	328
10980at3699	0	36	357
22741at3699	0	18	180
14579at3699	0	28	284
15787at3699	0	35	354
828at3699	0	89	885
3556at3699	0	53	530
327at3699	0	194	1696
19198at3699	0	17	172
390at3699	0	99	992
25429at3699	0	15	153
469at3699	0	97	967
742at3699	0	116	1118
13336at3699	0	28	281
11751at3699	0	33	325
11280at3699	0	36	357
9301at3699	0	41	405
2559at3699	0	60	600
2511at3699	0	68	598
8091at3699	0	39	393
9152at3699	0	41	405
13672at3699	0	28	278
9098at3699	0	41	405
4787at3699	0	47	467
12125at3699	0	34	336
14442at3699	0	25	246
3314at3699	0	54	540
4626at3699	0	61	605
3083at3699	0	59	593
22049at3699	0	22	221
10396at3699	0	35	353
12348at3699	0	29	285
9995at3699	0	33	327
20106at3699	0	18	179
20761at3699	0	14	136
13322at3699	0	37	365
6325at3699	0	48	483
4680at3699	0	51	505
1344at3699	0	76	758
10897at3699	0	41	411
2822at3699	0	68	681
3847at3699	0	60	598
14375at3699	0	26	255
19850at3699	0	21	214
22769at3699	0	17	172
11059at3699	0	33	326
3161at3699	0	58	582
26112at3699	0	14	139
2632at3699	0	62	621
24759at3699	0	12	123
18823at3699	0	21	206
145at3699	0	149	1487
18352at3699	0	19	187
17424at3699	0	53	227
19947at3699	0	17	168
16145at3699	0	24	235
22942at3699	0	14	140
2392at3699	0	68	681
16856at3699	0	25	248
3573at3699	0	53	525
6462at3699	0	45	450
3576at3699	0	53	528
3361at3699	0	63	524
12460at3699	0	28	279
12803at3699	0	34	331
6495at3699	0	44	441
1724at3699	0	69	688
17114at3699	0	34	335
23531at3699	0	12	123
16626at3699	0	20	197
9335at3699	0	35	345
11082at3699	0	31	307
525at3699	0	95	950
501at3699	0	103	1033
2242at3699	0	130	623
19438at3699	0	20	195
1871at3699	0	70	695
9916at3699	0	36	362
3606at3699	0	54	541
2633at3699	0	69	686
22780at3699	0	11	111
396at3699	0	101	1005
10073at3699	0	39	385
19908at3699	0	16	162
2711at3699	0	59	591
17303at3699	0	22	224
18489at3699	0	20	195
15741at3699	0	29	291
14054at3699	0	29	286
7509at3699	0	40	396
17299at3699	0	25	251
11792at3699	0	28	284
9392at3699	0	40	396
18538at3699	0	26	263
8944at3699	0	37	367
1074at3699	0	86	864
17663at3699	0	19	187
17492at3699	0	22	223
17015at3699	0	42	230
3022at3699	0	59	589
23670at3699	0	14	142
20149at3699	0	20	197
18832at3699	0	21	205
1337at3699	0	79	786
15576at3699	0	26	261
16338at3699	0	35	261
8802at3699	0	42	423
9525at3699	0	35	347
7161at3699	0	39	389
8065at3699	0	41	405
6235at3699	0	61	605
5572at3699	0	55	545
196at3699	0	140	1403
9657at3699	0	35	347
5846at3699	0	49	490
20094at3699	0	13	129
1540at3699	0	72	720
12534at3699	0	20	203
19293at3699	0	20	195
16221at3699	0	26	262
6213at3699	0	40	404
12124at3699	0	30	301
9990at3699	0	44	438
4459at3699	0	46	458
16395at3699	0	21	214
15722at3699	0	22	224
9255at3699	0	67	357
15212at3699	0	27	269
22721at3699	0	26	176
9036at3699	0	33	334
783at3699	0	93	933
3945at3699	0	54	541
3878at3699	0	50	504
22664at3699	0	13	131
2553at3699	0	139	594
24371at3699	0	12	117
3110at3699	0	64	643
985at3699	0	148	834
24030at3699	0	9	89
16531at3699	0	21	205
17642at3699	0	22	215
9756at3699	0	37	372
8623at3699	0	35	352
16707at3699	0	20	199
23834at3699	0	18	119
25181at3699	0	9	89
11127at3699	0	44	438
25102at3699	0	10	97
20405at3699	0	15	154
17930at3699	0	26	259
1582at3699	0	98	733
7618at3699	0	95	434
364at3699	0	104	1038
1106at3699	0	80	803
6087at3699	0	46	460
19117at3699	0	21	206
15004at3699	0	27	271
7604at3699	0	42	419
7040at3699	0	40	399
17533at3699	0	32	316
11534at3699	0	36	361
16749at3699	0	24	235
14626at3699	0	74	399
8234at3699	0	48	483
13075at3699	0	43	325
802at3699	0	90	897
10891at3699	0	34	343
2125at3699	0	86	689
16315at3699	0	26	255
16184at3699	0	42	235
2885at3699	0	59	589
13023at3699	0	30	295
21167at3699	0	26	171
10624at3699	0	39	393
603at3699	0	255	849
7330at3699	0	77	426
17386at3699	0	21	205
2697at3699	0	70	698
19635at3699	0	43	190
3148at3699	0	59	585
16156at3699	0	25	245
1326at3699	0	79	787
15362at3699	0	24	235
25168at3699	0	14	143
11480at3699	0	33	332
6552at3699	0	44	441
6721at3699	0	41	408
13070at3699	0	29	294
12457at3699	0	35	350
16143at3699	0	23	227
27279at3699	0	9	94
9891at3699	0	37	374
17092at3699	0	36	290
19730at3699	0	25	248
5426at3699	0	54	541
9909at3699	0	37	374
5101at3699	0	50	500
15277at3699	0	23	229
10216at3699	0	32	321
10853at3699	0	44	435
26622at3699	0	5	45
17129at3699	0	21	212
13830at3699	0	28	279
3676at3699	0	58	583
5945at3699	0	43	428
10508at3699	0	31	312
24881at3699	0	8	80
13047at3699	0	31	312
20965at3699	0	25	245
17190at3699	0	22	215
12006at3699	0	35	353
11829at3699	0	45	451
12037at3699	0	27	274
9617at3699	0	37	370
15789at3699	0	21	213
13992at3699	0	55	224
13091at3699	0	29	288
12963at3699	0	26	257
19297at3699	0	19	190
4636at3699	0	50	500
7327at3699	0	42	419
17185at3699	0	25	252
26341at3699	0	9	92
23316at3699	0	15	148
13634at3699	0	32	322
12688at3699	0	33	328
12333at3699	0	31	307
4905at3699	0	54	543
2015at3699	0	73	728
13643at3699	0	31	314
17755at3699	0	23	228
8374at3699	0	61	611
7623at3699	0	88	440
1915at3699	0	67	671
25222at3699	0	10	91
2729at3699	0	64	643
1823at3699	0	80	800
13639at3699	0	29	287
6564at3699	0	46	455
24872at3699	0	8	75
2105at3699	0	98	704
2525at3699	0	58	581
10305at3699	0	41	347
5292at3699	0	47	465
1370at3699	0	72	715
5467at3699	0	51	505
18699at3699	0	18	179
49at3699	0	170	1699
9280at3699	0	42	423
16196at3699	0	20	200
7217at3699	0	43	432
15830at3699	0	23	229
9639at3699	0	39	394
12573at3699	0	34	313
1349at3699	0	76	759
13419at3699	0	33	334
2566at3699	0	68	678
18313at3699	0	19	186
10296at3699	0	33	333
6424at3699	0	73	434
16212at3699	0	23	226
18477at3699	0	20	203
7026at3699	0	45	445
13597at3699	0	31	314
10327at3699	0	31	309
26313at3699	0	7	70
795at3699	0	100	1004
3922at3699	0	53	528
2755at3699	0	62	622
19232at3699	0	18	179
1869at3699	0	71	708
7622at3699	0	43	434
38at3699	0	524	2029
18121at3699	0	16	163
5941at3699	0	91	690
12494at3699	0	26	256
7726at3699	0	42	418
9707at3699	0	35	349
16699at3699	0	26	255
10701at3699	0	32	318
15709at3699	0	29	294
24416at3699	0	8	79
20952at3699	0	18	177
14613at3699	0	31	305
19190at3699	0	21	205
22335at3699	0	16	164
4217at3699	0	60	602
14557at3699	0	29	292
16799at3699	0	23	227
2389at3699	0	89	885
9948at3699	0	41	413
17761at3699	0	27	273
19595at3699	0	16	158
4158at3699	0	48	475
12227at3699	0	31	307
3608at3699	0	101	543
7065at3699	0	53	531
2767at3699	0	69	688
12284at3699	0	31	307
3536at3699	0	58	583
1630at3699	0	79	790
3862at3699	0	52	520
1550at3699	0	66	655
11851at3699	0	28	284
2533at3699	0	61	605
8495at3699	0	38	382
3395at3699	0	55	552
10811at3699	0	35	354
3712at3699	0	99	542
12813at3699	0	28	276
18461at3699	0	29	218
13374at3699	0	35	319
4059at3699	0	49	490
7089at3699	0	39	385
23849at3699	0	18	172
16028at3699	0	26	260
14155at3699	0	31	307
20759at3699	0	17	172
6873at3699	0	46	461
4127at3699	0	52	518
15140at3699	0	24	237
991at3699	0	137	766
11577at3699	0	31	311
6281at3699	0	40	402
14126at3699	0	27	271
18341at3699	0	37	228
43at3699	0	294	1969
4130at3699	0	110	689
22495at3699	0	16	162
10864at3699	0	34	342
6429at3699	0	39	394
245at3699	0	136	1356
18001at3699	0	21	208
9662at3699	0	35	346
12602at3699	0	36	359
16178at3699	0	23	231
17322at3699	0	28	284
10184at3699	0	36	363
4534at3699	0	54	535
3786at3699	0	73	549
17385at3699	0	23	234
10768at3699	0	30	302
12424at3699	0	39	301
143at3699	0	161	1368
15480at3699	0	27	267
19478at3699	0	24	235
3121at3699	0	58	579
14517at3699	0	24	243
19165at3699	0	26	260
5093at3699	0	46	455
11254at3699	0	34	340
7588at3699	0	40	399
19224at3699	0	31	207
2at3699	0	1154	3847
26323at3699	0	6	55
5436at3699	0	49	487
12679at3699	0	32	317
2029at3699	0	76	761
14766at3699	0	25	247
20184at3699	0	19	191
11726at3699	0	33	332
11376at3699	0	32	319
13868at3699	0	25	253
18102at3699	0	17	174
17425at3699	0	22	219
6045at3699	0	43	434
16286at3699	0	24	243
6485at3699	0	42	423
9616at3699	0	34	339
26387at3699	0	6	62
12662at3699	0	30	302
1227at3699	0	119	806
3387at3699	0	58	577
10916at3699	0	32	315
15686at3699	0	38	384
22982at3699	0	13	129
1061at3699	0	89	889
2931at3699	0	152	760
19360at3699	0	20	204
3604at3699	0	55	546
8249at3699	0	40	403
3791at3699	0	52	522
1557at3699	0	73	727
18755at3699	0	19	192
12448at3699	0	29	290
22821at3699	0	13	133
5633at3699	0	46	458
15110at3699	0	45	385
8596at3699	0	37	370
4171at3699	0	57	565
12777at3699	0	32	315
6094at3699	0	48	479
849at3699	0	81	811
5360at3699	0	49	486
17939at3699	0	31	305
13383at3699	0	36	356
17568at3699	0	22	218
19999at3699	0	20	196
12008at3699	0	32	319
17697at3699	0	23	230
17297at3699	0	21	213
6635at3699	0	51	507
11801at3699	0	40	395
24472at3699	0	11	106
6360at3699	0	35	347
11349at3699	0	32	317
11507at3699	0	30	296
11760at3699	0	34	339
304at3699	0	115	1152
17873at3699	0	42	273
9401at3699	0	35	349
6515at3699	0	44	439
12631at3699	0	28	275
12600at3699	0	36	360
13771at3699	0	29	288
10295at3699	0	33	331
9191at3699	0	98	460
11005at3699	0	57	332
7539at3699	0	41	414
107at3699	0	153	1531
10128at3699	0	34	343
9151at3699	0	34	343
21615at3699	0	24	233
21808at3699	0	11	114
18735at3699	0	26	181
2339at3699	0	63	630
3436at3699	0	52	518
8536at3699	0	81	507
23395at3699	0	14	141
22084at3699	0	17	170
17104at3699	0	19	191
24175at3699	0	10	101
12642at3699	0	36	313
1050at3699	0	172	911
20751at3699	0	18	142
16832at3699	0	23	226
7793at3699	0	39	391
3755at3699	0	161	623
5878at3699	0	51	505
17228at3699	0	21	214
506at3699	0	115	946
5302at3699	0	44	435
8101at3699	0	43	434
20129at3699	0	26	264
4800at3699	0	50	497
278at3699	0	114	1141
5354at3699	0	43	432
18007at3699	0	19	190
25259at3699	0	19	189
5416at3699	0	45	447
4657at3699	0	46	458
17280at3699	0	23	234
141at3699	0	434	1445
2823at3699	0	137	701
11418at3699	0	31	309
3485at3699	0	53	531
3063at3699	0	58	575
23568at3699	0	10	104
4899at3699	0	47	465
15426at3699	0	25	196
8114at3699	0	38	382
8464at3699	0	44	444
2949at3699	0	158	793
26440at3699	0	8	76
16278at3699	0	21	212
7485at3699	0	69	422
18879at3699	0	25	246
21982at3699	0	13	128
37at3699	0	226	2264
15026at3699	0	31	305
2080at3699	0	68	675
10789at3699	0	33	329
15293at3699	0	33	334
24960at3699	0	15	153
7318at3699	0	50	497
5104at3699	0	50	495
13124at3699	0	24	242
23108at3699	0	14	141
16123at3699	0	27	265
906at3699	0	97	965
22852at3699	0	10	103
6755at3699	0	40	404
23882at3699	0	15	152
6370at3699	0	46	456
15329at3699	0	31	310
19964at3699	0	20	200
5244at3699	0	51	508
15197at3699	0	27	270
10683at3699	0	42	420
10104at3699	0	33	331
18628at3699	0	20	195
19439at3699	0	18	179
10512at3699	0	33	334
797at3699	0	84	831
12280at3699	0	28	278
18211at3699	0	29	255
10023at3699	0	35	349
7569at3699	0	43	427
14034at3699	0	29	290
2291at3699	0	68	676
8210at3699	0	46	459
18591at3699	0	23	232
23942at3699	0	9	88
10650at3699	0	31	308
597at3699	0	94	936
6018at3699	0	46	459
5960at3699	0	52	520
24993at3699	0	9	91
7156at3699	0	49	486
6486at3699	0	40	399
3950at3699	0	53	527
3031at3699	0	65	645
5002at3699	0	47	472
13127at3699	0	29	292
9783at3699	0	43	433
10868at3699	0	33	334
8920at3699	0	40	401
11379at3699	0	31	307
21354at3699	0	41	167
15902at3699	0	24	243
17721at3699	0	32	277
22943at3699	0	10	102
21170at3699	0	18	183
20478at3699	0	23	225
619at3699	0	90	896
26138at3699	0	8	82
6724at3699	0	47	471
14533at3699	0	24	239
6828at3699	0	42	419
19354at3699	0	17	168
7701at3699	0	39	394
5201at3699	0	50	498
16690at3699	0	21	206
12775at3699	0	28	278
8968at3699	0	31	313
19350at3699	0	83	695
551at3699	0	98	979
8162at3699	0	39	390
3140at3699	0	53	526
13904at3699	0	26	264
20784at3699	0	18	183
17921at3699	0	22	221
12577at3699	0	28	277
7439at3699	0	39	394
18458at3699	0	18	177
2182at3699	0	64	644
3726at3699	0	130	661
5344at3699	0	43	433
9260at3699	0	37	373
9954at3699	0	59	363
5798at3699	0	47	472
12031at3699	0	37	367
1995at3699	0	70	695
16751at3699	0	26	260
2450at3699	0	67	665
11449at3699	0	56	275
17766at3699	0	23	225
4522at3699	0	57	566
4739at3699	0	53	526
5475at3699	0	45	450
6907at3699	0	41	412
23522at3699	0	10	104
23369at3699	0	18	176
17035at3699	0	191	638
21258at3699	0	13	129
18667at3699	0	17	170
5760at3699	0	67	417
655at3699	0	97	969
1312at3699	0	75	750
22073at3699	0	15	148
4296at3699	0	53	526
8697at3699	0	40	397
9315at3699	0	35	351
405at3699	0	164	954
369at3699	0	105	1051
5115at3699	0	46	464
21075at3699	0	16	158
12272at3699	0	31	305
1546at3699	0	75	747
20368at3699	0	17	172
6555at3699	0	105	392
5893at3699	0	60	438
20119at3699	0	14	143
8039at3699	0	37	369
11739at3699	0	30	295
6420at3699	0	116	422
8090at3699	0	38	380
11230at3699	0	31	307
11456at3699	0	39	282
5458at3699	0	44	444
22766at3699	0	14	137
7492at3699	0	40	396
7901at3699	0	41	412
5179at3699	0	54	467
15956at3699	0	44	436
5506at3699	0	42	420
5464at3699	0	69	441
10564at3699	0	32	320
19809at3699	0	20	202
1735at3699	0	174	678
6626at3699	0	44	439
20800at3699	0	13	125
6551at3699	0	40	400
22938at3699	0	20	199
2235at3699	0	122	627
15280at3699	0	29	294
908at3699	0	100	1001
3953at3699	0	55	549
7954at3699	0	41	410
5166at3699	0	48	479
7697at3699	0	52	521
5620at3699	0	61	457
16439at3699	0	39	211
2537at3699	0	66	663
18172at3699	0	19	191
9385at3699	0	37	372
21577at3699	0	20	195
5470at3699	0	50	497
20310at3699	0	20	195
17472at3699	0	18	181
9276at3699	0	37	365
14931at3699	0	21	210
16018at3699	0	27	271
6759at3699	0	61	383
11524at3699	0	31	313
12569at3699	0	24	243
10762at3699	0	131	435
14093at3699	0	27	266
3829at3699	0	130	521
18185at3699	0	43	201
22284at3699	0	31	191
5270at3699	0	46	458
1078at3699	0	125	792
2472at3699	0	64	637
13125at3699	0	32	318
23627at3699	0	13	125
8900at3699	0	38	378
936at3699	0	87	867
16909at3699	0	49	215
515at3699	0	119	984
15833at3699	0	30	298
3622at3699	0	120	612
4610at3699	0	50	501
2866at3699	0	55	551
740at3699	0	103	1029
15767at3699	0	23	232
13139at3699	0	32	315
21590at3699	0	16	163
17080at3699	0	25	246
308at3699	0	330	1099
10202at3699	0	32	317
9867at3699	0	35	350
7518at3699	0	45	448
19780at3699	0	21	213
10715at3699	0	33	325
19at3699	0	726	2420
4374at3699	0	50	496
10803at3699	0	43	428
10977at3699	0	33	333
13535at3699	0	27	269
8286at3699	0	36	358
16989at3699	0	19	192
8331at3699	0	36	363
19416at3699	0	17	172
17285at3699	0	24	235
25351at3699	0	8	83
15839at3699	0	22	221
17042at3699	0	22	220
19640at3699	0	18	178
7087at3699	0	38	383
19505at3699	0	17	169
24583at3699	0	16	156
16713at3699	0	22	215
7531at3699	0	43	431
18443at3699	0	19	193
10915at3699	0	34	313
4417at3699	0	51	506
1053at3699	0	140	840
2401at3699	0	58	579
10108at3699	0	35	345
19563at3699	0	20	200
5990at3699	0	46	462
3065at3699	0	61	605
4893at3699	0	53	527
9692at3699	0	39	392
1748at3699	0	64	644
2706at3699	0	59	589
8666at3699	0	40	397
14516at3699	0	25	251
4798at3699	0	63	634
7465at3699	0	40	401
2323at3699	0	67	670
12441at3699	0	30	296
571at3699	0	100	1002
1858at3699	0	68	679
1409at3699	0	67	666
2483at3699	0	72	719
5100at3699	0	50	500
15490at3699	0	48	247
23572at3699	0	11	113
4364at3699	0	52	515
16875at3699	0	23	229
12837at3699	0	30	300
5973at3699	0	43	434
22566at3699	0	18	183
11614at3699	0	35	351
8713at3699	0	39	385
1030at3699	0	157	830
11291at3699	0	34	339
1621at3699	0	79	789
12872at3699	0	25	254
6441at3699	0	49	490
4734at3699	0	48	479
17320at3699	0	19	193
20947at3699	0	14	141
2188at3699	0	75	705
10788at3699	0	33	325
4394at3699	0	64	639
16111at3699	0	27	271
5800at3699	0	43	426
11567at3699	0	41	297
12195at3699	0	37	365
24662at3699	0	9	85
17522at3699	0	21	206
6865at3699	0	42	421
17180at3699	0	20	197
23663at3699	0	11	110
11720at3699	0	32	318
18195at3699	0	24	237
14491at3699	0	27	267
4188at3699	0	52	520
2268at3699	0	71	622
14920at3699	0	40	291
9297at3699	0	39	390
17421at3699	0	21	208
3781at3699	0	52	516
5877at3699	0	47	474
10749at3699	0	31	309
2311at3699	0	62	619
379at3699	0	116	1156
18426at3699	0	18	180
22046at3699	0	15	153
9819at3699	0	37	365
11132at3699	0	34	336
5062at3699	0	62	620
8510at3699	0	45	449
18356at3699	0	22	217
14981at3699	0	25	246
9636at3699	0	36	359
5497at3699	0	46	455
2799at3699	0	59	593
10298at3699	0	35	345
3331at3699	0	67	608
17009at3699	0	27	269
15517at3699	0	26	256
7269at3699	0	40	397
17872at3699	0	22	224
9579at3699	0	43	428
1203at3699	0	83	830
1211at3699	0	86	858
7363at3699	0	46	455
12647at3699	0	63	278
25934at3699	0	6	63
11278at3699	0	32	315
5479at3699	0	49	491
6756at3699	0	42	422
1562at3699	0	78	778
11129at3699	0	31	306
24275at3699	0	9	85
19375at3699	0	19	188
8994at3699	0	33	327
8237at3699	0	36	361
7702at3699	0	50	392
9644at3699	0	41	409
2230at3699	0	56	556
1914at3699	0	70	700
21649at3699	0	16	160
2436at3699	0	61	609
10437at3699	0	34	336
5553at3699	0	44	438
11399at3699	0	32	323
20138at3699	0	18	178
4795at3699	0	56	561
6465at3699	0	44	439
3822at3699	0	58	582
8156at3699	0	36	364
13616at3699	0	25	248
5296at3699	0	50	501
19314at3699	0	18	176
16739at3699	0	28	278
16750at3699	0	22	223
3035at3699	0	55	548
7284at3699	0	50	501
12267at3699	0	33	332
21232at3699	0	25	249
13376at3699	0	28	279
25843at3699	0	10	95
23268at3699	0	16	158
2963at3699	0	66	658
21563at3699	0	17	166
16512at3699	0	38	282
8794at3699	0	37	374
21224at3699	0	24	139
14555at3699	0	28	275
22582at3699	0	12	119
12582at3699	0	31	313
419at3699	0	112	1118
5986at3699	0	58	577
7735at3699	0	56	560
4591at3699	0	60	598
22610at3699	0	13	132
9582at3699	0	44	439
1199at3699	0	74	744
10029at3699	0	35	351
2492at3699	0	63	628
17281at3699	0	23	226
15073at3699	0	24	244
14663at3699	0	26	264
6720at3699	0	41	408
12271at3699	0	29	289
13188at3699	0	28	275
12839at3699	0	30	302
13788at3699	0	41	409
22299at3699	0	16	158
6525at3699	0	48	476
4497at3699	0	48	478
10936at3699	0	32	321
7373at3699	0	42	423
10759at3699	0	40	401
6736at3699	0	41	408
5082at3699	0	47	473
23359at3699	0	11	109
497at3699	0	107	1066
579at3699	0	97	974
13922at3699	0	28	277
3028at3699	0	57	572
12129at3699	0	28	277
15687at3699	0	23	231
12736at3699	0	29	288
18643at3699	0	21	212
2877at3699	0	59	589
8196at3699	0	42	416
16587at3699	0	28	279
24041at3699	0	39	156
13271at3699	0	27	269
7815at3699	0	40	397
16621at3699	0	20	197
23309at3699	0	15	153
12634at3699	0	30	297
19430at3699	0	16	156
21162at3699	0	19	194
1307at3699	0	96	959
9364at3699	0	34	341
19162at3699	0	18	178
16099at3699	0	43	250
12459at3699	0	39	388
6068at3699	0	52	518
3146at3699	0	55	550
14534at3699	0	30	299
18088at3699	0	18	183
25073at3699	0	10	101
3797at3699	0	141	515
17435at3699	0	20	200
22963at3699	0	16	158
6175at3699	0	66	378
21332at3699	0	25	250
5816at3699	0	47	474
4655at3699	0	75	477
1173at3699	0	76	762
10232at3699	0	38	377
20130at3699	0	18	179
14345at3699	0	40	347
10816at3699	0	32	315
9524at3699	0	34	344
14171at3699	0	34	340
13883at3699	0	29	285
7018at3699	0	44	438
25327at3699	0	11	113
4268at3699	0	51	512
25149at3699	0	8	80
19940at3699	0	25	252
21565at3699	0	27	209
6054at3699	0	49	488
9515at3699	0	39	389
11989at3699	0	29	291
23897at3699	0	15	151
1218at3699	0	84	835
18853at3699	0	21	212
683at3699	0	88	883
345at3699	0	118	1180
18532at3699	0	27	266
12213at3699	0	32	322
19807at3699	0	26	155
859at3699	0	97	850
6091at3699	0	62	448
4119at3699	0	54	542
12224at3699	0	31	310
24796at3699	0	12	115
3687at3699	0	63	625
19328at3699	0	19	187
17826at3699	0	18	182
11451at3699	0	34	339
24204at3699	0	19	185
4334at3699	0	48	483
22992at3699	0	12	122
8270at3699	0	40	401
12707at3699	0	32	315
947at3699	0	185	801
4452at3699	0	53	526
2017at3699	0	70	701
933at3699	0	77	768
4974at3699	0	54	541
14013at3699	0	25	249
5915at3699	0	45	446
20432at3699	0	20	200
5716at3699	0	47	471
8698at3699	0	48	479
11954at3699	0	30	303
1530at3699	0	343	1144
16072at3699	0	23	226
3866at3699	0	50	504
22739at3699	0	29	133
5378at3699	0	65	511
16698at3699	0	24	238
3427at3699	0	57	568
22085at3699	0	17	165
5519at3699	0	57	571
4107at3699	0	56	563
5127at3699	0	48	476
1928at3699	0	71	710
21056at3699	0	14	140
24673at3699	0	7	74
19421at3699	0	30	300
16231at3699	0	23	232
8122at3699	0	36	360
22290at3699	0	10	101
24840at3699	0	13	126
3438at3699	0	59	594
10566at3699	0	33	334
13399at3699	0	51	347
11441at3699	0	33	327
21510at3699	0	15	152
15531at3699	0	31	239
18476at3699	0	20	203
25060at3699	0	11	108
18836at3699	0	18	178
7504at3699	0	38	383
14285at3699	0	63	229
22727at3699	0	12	120
19607at3699	0	18	184
16976at3699	0	22	223
8993at3699	0	37	374
2944at3699	0	60	602
17676at3699	0	23	234
2943at3699	0	58	579
23937at3699	0	11	106
24913at3699	0	12	120
5509at3699	0	45	452
9722at3699	0	34	344
1767at3699	0	73	727
5869at3699	0	47	474
1467at3699	0	75	745
1101at3699	0	77	770
6505at3699	0	44	437
15399at3699	0	25	252
22782at3699	0	12	118
20214at3699	0	18	178
19148at3699	0	21	206
22393at3699	0	15	154
12130at3699	0	35	347
12836at3699	0	29	291
2376at3699	0	66	662
18663at3699	0	19	187
2906at3699	0	58	581
18441at3699	0	18	178
16704at3699	0	26	259
4412at3699	0	47	473
21171at3699	0	22	221
21746at3699	0	22	152
17997at3699	0	17	166
22414at3699	0	13	127
5341at3699	0	49	488
20549at3699	0	15	145
9547at3699	0	38	376
7052at3699	0	49	418
6708at3699	0	44	435
1599at3699	0	68	678
11288at3699	0	35	349
16374at3699	0	35	347
26845at3699	0	5	52
4359at3699	0	79	540
19834at3699	0	24	237
2745at3699	0	58	584
812at3699	0	89	886
9339at3699	0	38	378
1019at3699	0	78	783
17333at3699	0	18	183
6672at3699	0	42	417
22953at3699	0	11	106
301at3699	0	104	1036
4124at3699	0	90	508
12644at3699	0	31	307
5420at3699	0	49	492
24785at3699	0	9	88
24097at3699	0	9	92
3217at3699	0	76	758
4295at3699	0	54	535
12338at3699	0	31	308
8552at3699	0	40	399
9086at3699	0	36	355
20020at3699	0	19	185
26647at3699	0	7	66
7898at3699	0	40	402
2090at3699	0	68	681
5963at3699	0	52	521
6298at3699	0	42	420
15515at3699	0	24	243
10182at3699	0	37	374
17268at3699	0	26	257
14399at3699	0	28	275
8160at3699	0	37	371
16141at3699	0	25	245
3844at3699	0	55	549
9775at3699	0	34	344
12446at3699	0	30	296
6134at3699	0	45	448
24411at3699	0	18	180
2993at3699	0	82	538
2338at3699	0	63	629
4599at3699	0	50	504
17126at3699	0	25	248
24838at3699	0	17	90
11463at3699	0	38	376
6256at3699	0	55	534
13325at3699	0	27	274
3322at3699	0	67	666
1505at3699	0	77	768
2776at3699	0	58	580
18255at3699	0	31	311
7913at3699	0	36	364
6202at3699	0	56	402
2132at3699	0	67	672
53at3699	0	177	1771
18083at3699	0	18	175
15982at3699	0	25	252
438at3699	0	104	1039
2911at3699	0	60	603
3471at3699	0	51	506
23322at3699	0	16	158
13338at3699	0	28	284
25224at3699	0	13	133
2491at3699	0	58	584
21022at3699	0	15	148
19169at3699	0	20	174
17332at3699	0	18	180
14439at3699	0	28	278
10126at3699	0	29	294
14636at3699	0	34	257
12681at3699	0	33	325
956at3699	0	112	857
24873at3699	0	11	110
142at3699	0	159	1589
14003at3699	0	33	332
3274at3699	0	58	579
4804at3699	0	14	126
7731at3699	0	39	392
11357at3699	0	33	329
22778at3699	0	16	159
23743at3699	0	11	108
9020at3699	0	36	360
3459at3699	0	59	585
13179at3699	0	37	370
10484at3699	0	30	301
20890at3699	0	14	135
6999at3699	0	54	543
7541at3699	0	38	380
23679at3699	0	11	114
21964at3699	0	13	131
2364at3699	0	61	609
10283at3699	0	36	356
84at3699	0	212	1585
19552at3699	0	16	160
19387at3699	0	29	184
3039at3699	0	84	535
26116at3699	0	8	76
4662at3699	0	51	512
693at3699	0	95	945
14389at3699	0	35	345
21541at3699	0	16	157
17155at3699	0	13	129
4646at3699	0	55	547
6067at3699	0	46	455
14776at3699	0	38	382
21877at3699	0	14	135
14275at3699	0	49	477
17652at3699	0	21	213
17406at3699	0	33	210
2001at3699	0	69	687
13131at3699	0	56	333
5607at3699	0	51	470
5052at3699	0	49	487
11033at3699	0	29	288
9195at3699	0	36	355
22317at3699	0	23	156
19389at3699	0	16	160
11306at3699	0	49	304
14652at3699	0	24	236
2672at3699	0	94	508
5872at3699	0	56	556
21549at3699	0	14	140
24121at3699	0	10	100
8089at3699	0	40	401
10447at3699	0	36	360
12916at3699	0	33	331
21658at3699	0	16	158
18097at3699	0	21	212
4339at3699	0	72	527
10606at3699	0	35	345
481at3699	0	95	954
14113at3699	0	26	263
17154at3699	0	26	260
25535at3699	0	7	73
17702at3699	0	19	192
23817at3699	0	10	97
1875at3699	0	65	651
19841at3699	0	18	180
12512at3699	0	27	269
20818at3699	0	17	167
14473at3699	0	28	278
14454at3699	0	25	250
6380at3699	0	50	503
10399at3699	0	98	360
21376at3699	0	13	134
17473at3699	0	30	295
12260at3699	0	31	305
23933at3699	0	12	118
11547at3699	0	30	296
8345at3699	0	41	409
5453at3699	0	51	506
17560at3699	0	34	340
15379at3699	0	23	229
6722at3699	0	43	433
11339at3699	0	47	293
6885at3699	0	41	405
15636at3699	0	23	225
13932at3699	0	29	289
838at3699	0	135	745
23535at3699	0	11	105
920at3699	0	82	823
532at3699	0	94	937
6150at3699	0	119	487
25950at3699	0	10	98
8308at3699	0	36	362
13939at3699	0	27	265
4204at3699	0	51	511
24916at3699	0	10	98
16144at3699	0	26	250
3018at3699	0	52	521
1408at3699	0	70	703
17338at3699	0	19	192
875at3699	0	99	990
475at3699	0	103	1030
10255at3699	0	31	310
17162at3699	0	23	230
6167at3699	0	45	453
19372at3699	0	17	174
13996at3699	0	39	261
15103at3699	0	39	243
20387at3699	0	17	167
226at3699	0	121	1214
12120at3699	0	27	270
10877at3699	0	65	646
15735at3699	0	20	203
12556at3699	0	35	350
7453at3699	0	45	450
17196at3699	0	22	222
1317at3699	0	79	790
20475at3699	0	18	184
16911at3699	0	23	228
19630at3699	0	26	264
10148at3699	0	35	351
799at3699	0	136	1028
20721at3699	0	17	165
3254at3699	0	56	564
12480at3699	0	30	301
889at3699	0	83	833
9132at3699	0	37	369
17395at3699	0	20	200
4042at3699	0	51	508
17298at3699	0	18	177
12586at3699	0	28	282
23944at3699	0	10	103
13220at3699	0	27	266
2987at3699	0	57	567
10791at3699	0	49	281
11572at3699	0	30	297
19685at3699	0	16	160
14926at3699	0	28	283
3295at3699	0	57	573
23756at3699	0	13	128
9591at3699	0	38	377
8352at3699	0	58	577
18959at3699	0	21	211
2925at3699	0	63	629
13300at3699	0	34	335
5513at3699	0	66	476
1187at3699	0	82	817
20892at3699	0	21	207
13720at3699	0	27	269
25677at3699	0	10	98
7489at3699	0	61	550
9384at3699	0	38	375
1777at3699	0	73	725
1334at3699	0	72	717
10895at3699	0	37	370
10245at3699	0	47	381
6636at3699	0	47	473
10291at3699	0	36	323
3824at3699	0	58	579
16655at3699	0	25	252
18061at3699	0	20	204
7788at3699	0	40	396
21365at3699	0	14	135
7369at3699	0	74	377
3450at3699	0	61	612
9361at3699	0	35	351
7640at3699	0	39	389
14882at3699	0	27	266
1404at3699	0	74	744
12285at3699	0	30	300
13687at3699	0	28	284
18201at3699	0	24	240
3503at3699	0	55	545
22823at3699	0	13	129
20723at3699	0	18	176
786at3699	0	93	932
4472at3699	0	61	607
17704at3699	0	21	212
16117at3699	0	26	262
20239at3699	0	15	145
16194at3699	0	27	271
16329at3699	0	19	192
794at3699	0	86	863
18444at3699	0	21	208
9834at3699	0	39	385
2519at3699	0	72	716
3721at3699	0	58	578
20522at3699	0	21	208
3024at3699	0	63	632
24723at3699	0	12	120
18555at3699	0	22	215
5129at3699	0	44	443
13808at3699	0	28	279
10541at3699	0	29	286
2467at3699	0	176	648
13298at3699	0	33	334
10513at3699	0	35	351
17378at3699	0	32	321
17640at3699	0	25	253
748at3699	0	93	925
5282at3699	0	65	645
26716at3699	0	5	50
15926at3699	0	24	235
3657at3699	0	55	548
12471at3699	0	34	336
1681at3699	0	68	680
25118at3699	0	10	100
6321at3699	0	42	416
1480at3699	0	117	878
11705at3699	0	31	311
1031at3699	0	89	894
25000at3699	0	13	133
15393at3699	0	29	292
4674at3699	0	84	642
16497at3699	0	21	209
2173at3699	0	63	631
5994at3699	0	46	463
10340at3699	0	108	379
17466at3699	0	26	264
24899at3699	0	10	103
5437at3699	0	76	510
26519at3699	0	6	61
2811at3699	0	64	644
15999at3699	0	24	240
5488at3699	0	56	563
5069at3699	0	47	467
8265at3699	0	40	402
14901at3699	0	26	255
3567at3699	0	57	574
2229at3699	0	76	761
12081at3699	0	38	381
7517at3699	0	46	460
14961at3699	0	24	244
21926at3699	0	14	138
21146at3699	0	16	156
19229at3699	0	25	252
12888at3699	0	29	286
12674at3699	0	26	262
1642at3699	0	85	724
14192at3699	0	28	283
10394at3699	0	33	333
6539at3699	0	56	384
22586at3699	0	16	158
606at3699	0	95	953
4644at3699	0	52	488
22027at3699	0	22	219
5523at3699	0	44	443
10986at3699	0	37	374
15053at3699	0	26	259
20111at3699	0	19	194
16955at3699	0	23	231
12606at3699	0	39	390
13269at3699	0	28	281
13559at3699	0	34	343
16002at3699	0	25	247
20946at3699	0	16	155
12164at3699	0	31	305
1184at3699	0	79	787
18267at3699	0	30	299
18631at3699	0	25	250
3507at3699	0	56	561
22808at3699	0	14	139
3292at3699	0	59	591
5703at3699	0	59	516
20135at3699	0	40	399
289at3699	0	135	1019
10099at3699	0	34	341
10273at3699	0	33	328
3940at3699	0	49	485
6093at3699	0	51	510
12016at3699	0	26	257
3500at3699	0	56	560
3151at3699	0	58	584
2325at3699	0	108	732
14586at3699	0	36	356
6354at3699	0	47	467
9073at3699	0	46	460
17659at3699	0	26	263
15526at3699	0	25	250
17750at3699	0	22	215
1153at3699	0	131	716
2695at3699	0	56	556
177at3699	0	138	1382
17515at3699	0	23	228
24033at3699	0	9	94
236at3699	0	127	1268
19885at3699	0	20	196
3077at3699	0	78	532
8281at3699	0	48	478
24756at3699	0	9	88
15076at3699	0	26	259
7885at3699	0	44	442
1982at3699	0	75	749
3397at3699	0	61	612
227at3699	0	125	1105
6019at3699	0	51	512
329at3699	0	97	968
20361at3699	0	15	148
3364at3699	0	60	604
23794at3699	0	12	115
5338at3699	0	44	439
11800at3699	0	31	306
20910at3699	0	14	144
13642at3699	0	32	316
3708at3699	0	92	573
3995at3699	0	58	578
26707at3699	0	13	134
6039at3699	0	53	497
21440at3699	0	14	138
7647at3699	0	41	408
18886at3699	0	20	195
18360at3699	0	19	192
4614at3699	0	49	488
9220at3699	0	38	378
25492at3699	0	19	154
18963at3699	0	26	202
14464at3699	0	31	313
3251at3699	0	55	551
18339at3699	0	57	227
15080at3699	0	32	234
8480at3699	0	33	333
8295at3699	0	41	412
19963at3699	0	18	178
2611at3699	0	91	660
25887at3699	0	9	86
8607at3699	0	40	396
25546at3699	0	9	85
26019at3699	0	14	142
22072at3699	0	13	125
23440at3699	0	11	112
7169at3699	0	40	402
4849at3699	0	111	562
4847at3699	0	56	559
12938at3699	0	28	275
602at3699	0	88	876
20209at3699	0	16	159
9939at3699	0	35	353
12382at3699	0	28	282
5221at3699	0	49	492
9997at3699	0	32	319
15707at3699	0	29	285
945at3699	0	86	861
9252at3699	0	35	349
806at3699	0	85	849
22631at3699	0	12	121
4637at3699	0	55	546
4621at3699	0	47	468
2052at3699	0	79	794
4559at3699	0	52	516
20507at3699	0	16	159
25075at3699	0	8	82
5918at3699	0	50	499
20625at3699	0	15	146
9535at3699	0	41	410
392at3699	0	107	1065
21491at3699	0	18	183
16261at3699	0	25	254
24208at3699	0	20	196
23820at3699	0	11	109
21643at3699	0	29	277
1065at3699	0	95	954
13900at3699	0	29	292
2841at3699	0	68	681
7908at3699	0	40	404
3389at3699	0	62	622
1066at3699	0	114	638
185at3699	0	128	1275
23128at3699	0	16	109
19715at3699	0	18	175
10641at3699	0	32	317
10224at3699	0	35	351
16945at3699	0	19	190
8339at3699	0	40	396
1118at3699	0	81	806
2916at3699	0	57	570
9375at3699	0	38	380
3538at3699	0	54	538
4686at3699	0	83	570
6284at3699	0	47	468
14866at3699	0	20	203
22036at3699	0	13	127
7486at3699	0	47	466
12795at3699	0	44	435
3812at3699	0	55	553
20593at3699	0	20	204
666at3699	0	85	849
20124at3699	0	16	161
23025at3699	0	24	236
20691at3699	0	22	215
17970at3699	0	25	254
6725at3699	0	91	463
24274at3699	0	9	85
15350at3699	0	22	220
16918at3699	0	21	207
25436at3699	0	13	126
26497at3699	0	10	97
8956at3699	0	49	494
1563at3699	0	77	712
1491at3699	0	76	759
26379at3699	0	8	76
2637at3699	0	64	643
2280at3699	0	64	636
11228at3699	0	32	322
3362at3699	0	58	578
12576at3699	0	34	339
10999at3699	0	32	322
8411at3699	0	38	376
16195at3699	0	21	205
12598at3699	0	31	313
929at3699	0	89	891
10840at3699	0	44	313
26342at3699	0	7	66
21584at3699	0	14	140
1322at3699	0	79	789
8407at3699	0	36	363
6560at3699	0	105	480
1548at3699	0	115	1147
14480at3699	0	29	291
18724at3699	0	18	182
13305at3699	0	30	298
16992at3699	0	20	198
5164at3699	0	48	479
25800at3699	0	14	143
8408at3699	0	49	345
13228at3699	0	29	292
1117at3699	0	84	835
3244at3699	0	56	559
7110at3699	0	44	437
4503at3699	0	52	517
18051at3699	0	19	191
6654at3699	0	40	398
14684at3699	0	26	256
16415at3699	0	30	299
4829at3699	0	45	451
7656at3699	0	45	452
12397at3699	0	45	262
16578at3699	0	23	232
5799at3699	0	46	460
18304at3699	0	22	215
6178at3699	0	45	453
14822at3699	0	42	292
14942at3699	0	28	283
21375at3699	0	15	153
1125at3699	0	87	868
23439at3699	0	13	127
1628at3699	0	75	745
10793at3699	0	37	372
2032at3699	0	69	691
17373at3699	0	49	224
10284at3699	0	35	349
1943at3699	0	65	654
21219at3699	0	14	140
14310at3699	0	27	265
21527at3699	0	19	191
5162at3699	0	49	486
3259at3699	0	61	611
19658at3699	0	16	160
13636at3699	0	108	361
13947at3699	0	40	401
4410at3699	0	47	470
9863at3699	0	40	326
14544at3699	0	16	141
4074at3699	0	51	506
11822at3699	0	33	333
3775at3699	0	88	839
4274at3699	0	53	529
16552at3699	0	22	223
822at3699	0	248	883
2584at3699	0	58	578
8728at3699	0	37	373
13493at3699	0	28	276
3565at3699	0	58	576
13582at3699	0	23	232
4293at3699	0	109	519
31at3699	0	217	2165
1380at3699	0	117	776
25439at3699	0	8	77
14293at3699	0	25	254
5723at3699	0	51	511
10559at3699	0	31	314
6745at3699	0	44	436
11773at3699	0	27	273
5592at3699	0	84	522
4377at3699	0	51	511
10020at3699	0	33	328
33at3699	0	226	2256
13835at3699	0	34	336
2314at3699	0	61	605
16571at3699	0	23	226
18927at3699	0	19	187
16049at3699	0	27	265
9429at3699	0	37	373
11263at3699	0	31	310
8415at3699	0	40	404
13052at3699	0	30	297
13667at3699	0	51	295
728at3699	0	84	844
8860at3699	0	43	426
13479at3699	0	30	301
9488at3699	0	34	341
22289at3699	0	14	136
6956at3699	0	37	374
23227at3699	0	14	112
19879at3699	0	18	175
375at3699	0	132	1025
17439at3699	0	18	176
19324at3699	0	26	256
5359at3699	0	48	475
214at3699	0	132	1317
599at3699	0	94	944
8807at3699	0	48	483
10395at3699	0	29	286
24626at3699	0	8	80
58at3699	0	179	1788
857at3699	0	79	786
8651at3699	0	43	429
21305at3699	0	14	136
19898at3699	0	18	178
20249at3699	0	18	181
13653at3699	0	30	295
8761at3699	0	40	398
13186at3699	0	28	276
736at3699	0	116	901
14880at3699	0	28	276
10256at3699	0	32	323
10588at3699	0	32	320
6404at3699	0	44	441
4912at3699	0	51	505
18260at3699	0	31	307
13425at3699	0	28	282
8347at3699	0	42	421
2892at3699	0	65	649
10459at3699	0	34	339
9470at3699	0	34	339
20437at3699	0	16	162
1009at3699	0	142	815
8976at3699	0	35	348
1867at3699	0	72	715
20635at3699	0	20	203
10247at3699	0	41	410
1897at3699	0	67	483
4713at3699	0	54	535
6496at3699	0	48	475
13875at3699	0	46	301
7224at3699	0	47	472
2721at3699	0	58	584
15682at3699	0	24	240
9010at3699	0	44	437
1998at3699	0	62	624
15032at3699	0	30	276
18916at3699	0	20	198
15263at3699	0	26	258
23889at3699	0	14	141
771at3699	0	114	1143
3061at3699	0	59	594
746at3699	0	99	993
11159at3699	0	34	339
4294at3699	0	52	518
19713at3699	0	22	219
10021at3699	0	33	331
3802at3699	0	51	509
16546at3699	0	24	236
6155at3699	0	40	397
7053at3699	0	46	459
14607at3699	0	24	241
2677at3699	0	59	592
6411at3699	0	43	430
20484at3699	0	17	165
19011at3699	0	18	184
9923at3699	0	36	355
11144at3699	0	41	413
2813at3699	0	65	651
15844at3699	0	39	388
12690at3699	0	35	352
15318at3699	0	25	246
22997at3699	0	13	125
4280at3699	0	50	501
5454at3699	0	56	559
6353at3699	0	43	431
2595at3699	0	97	603
25337at3699	0	8	78
10991at3699	0	41	413
10848at3699	0	34	341
20073at3699	0	15	145
12779at3699	0	35	348
7129at3699	0	60	386
1324at3699	0	81	812
4823at3699	0	47	466
617at3699	0	100	997
19342at3699	0	29	287
14321at3699	0	32	322
8083at3699	0	33	329
21438at3699	0	29	184
563at3699	0	89	885
17523at3699	0	21	214
5041at3699	0	53	530
3131at3699	0	61	609
4733at3699	0	43	432
10893at3699	0	33	328
5018at3699	0	54	486
9395at3699	0	55	549
13511at3699	0	28	283
2263at3699	0	74	742
3350at3699	0	53	525
450at3699	0	104	1044
1451at3699	0	69	688
1726at3699	0	73	729
1590at3699	0	79	792
13562at3699	0	35	345
18059at3699	0	19	188
14112at3699	0	25	247
14795at3699	0	23	230
12826at3699	0	29	293
17449at3699	0	20	204
16967at3699	0	24	241
19846at3699	0	19	193
15778at3699	0	24	235
10697at3699	0	35	345
626at3699	0	193	964
4913at3699	0	50	501
3486at3699	0	54	537
2313at3699	0	67	671
6438at3699	0	44	443
10637at3699	0	56	409
8785at3699	0	38	383
20846at3699	0	20	201
893at3699	0	88	878
14216at3699	0	60	339
1957at3699	0	62	621
2666at3699	0	155	655
5867at3699	0	48	479
13662at3699	0	75	367
190at3699	0	126	1255
10402at3699	0	35	345
2564at3699	0	69	685
17529at3699	0	21	213
3017at3699	0	55	551
11612at3699	0	71	323
10584at3699	0	33	334
476at3699	0	101	1006
12298at3699	0	38	379
24703at3699	0	9	93
12293at3699	0	30	298
16620at3699	0	23	234
192at3699	0	121	1205
178at3699	0	164	1637
7514at3699	0	45	452
23255at3699	0	21	206
11755at3699	0	33	325
16164at3699	0	24	220
5356at3699	0	44	442
12873at3699	0	37	366
1953at3699	0	71	711
470at3699	0	124	1236
103at3699	0	197	1539
6388at3699	0	43	433
12637at3699	0	33	334
18047at3699	0	22	217
8915at3699	0	36	355
7666at3699	0	38	384
15401at3699	0	29	285
9495at3699	0	38	377
18141at3699	0	26	255
4060at3699	0	54	541
10504at3699	0	44	437
15084at3699	0	28	284
5618at3699	0	42	423
4493at3699	0	51	513
25839at3699	0	9	85
3689at3699	0	55	549
81at3699	0	155	1552
2409at3699	0	62	617
1465at3699	0	88	880
994at3699	0	93	927
6127at3699	0	45	446
14958at3699	0	24	238
13976at3699	0	22	224
6286at3699	0	51	514
19208at3699	0	16	160
4172at3699	0	53	528
4137at3699	0	52	524
13194at3699	0	30	304
7397at3699	0	49	487
21726at3699	0	14	139
15556at3699	0	33	328
13946at3699	0	39	389
15403at3699	0	25	245
6136at3699	0	47	467
1135at3699	0	80	798
1109at3699	0	89	894
14686at3699	0	31	314
11681at3699	0	32	318
12730at3699	0	32	318
11574at3699	0	33	329
19034at3699	0	22	218
20092at3699	0	20	196
7359at3699	0	46	461
22926at3699	0	13	118
14916at3699	0	42	255
14268at3699	0	25	254
7252at3699	0	44	437
12486at3699	0	32	321
22172at3699	0	15	147
2243at3699	0	62	617
9719at3699	0	43	426
669at3699	0	153	926
2749at3699	0	59	588
7391at3699	0	43	430
10063at3699	0	37	367
11816at3699	0	28	280
5328at3699	0	47	467
681at3699	0	100	995
632at3699	0	92	915
420at3699	0	290	968
24786at3699	0	10	101
8202at3699	0	43	430
7728at3699	0	40	399
9269at3699	0	115	585
11029at3699	0	32	324
22700at3699	0	14	140
15995at3699	0	23	230
14650at3699	0	30	304
10328at3699	0	36	360
1909at3699	0	125	773
954at3699	0	90	898
148at3699	0	141	1408
15063at3699	0	24	237
14337at3699	0	28	278
1698at3699	0	78	779
1062at3699	0	76	763
10689at3699	0	31	302
10685at3699	0	49	490
872at3699	0	91	914
1200at3699	0	75	754
3399at3699	0	62	623
2593at3699	0	62	618
15821at3699	0	26	262
12838at3699	0	32	316
14733at3699	0	33	330
7058at3699	0	52	430
9005at3699	0	39	392
15628at3699	0	26	260
11381at3699	0	33	331
15151at3699	0	48	239
2814at3699	0	161	537
12941at3699	0	27	271
12513at3699	0	32	319
21755at3699	0	16	162
21476at3699	0	14	141
19074at3699	0	12	119
10378at3699	0	61	367
11678at3699	0	31	310
12862at3699	0	29	291
23668at3699	0	12	118
11285at3699	0	34	341
5969at3699	0	60	413
6040at3699	0	51	507
8898at3699	0	37	370
4747at3699	0	55	547
8830at3699	0	39	386
5784at3699	0	46	455
12159at3699	0	33	270
15586at3699	0	27	272
16197at3699	0	27	265
23732at3699	0	9	89
5700at3699	0	42	423
18884at3699	0	18	182
23793at3699	0	20	91
9422at3699	0	53	525
13000at3699	0	36	362
9768at3699	0	31	310
20079at3699	0	18	184
132at3699	0	290	1500
9292at3699	0	36	364
20713at3699	0	18	180
3680at3699	0	59	586
7945at3699	0	41	411
5811at3699	0	47	466
5613at3699	0	52	518
18937at3699	0	20	203
22762at3699	0	12	119
22639at3699	0	16	158
8612at3699	0	42	416
10693at3699	0	34	335
1308at3699	0	71	705
26136at3699	0	23	149
588at3699	0	99	985
5249at3699	0	44	441
7157at3699	0	57	568
4622at3699	0	52	518
20908at3699	0	16	164
14436at3699	0	32	316
14900at3699	0	27	268
2899at3699	0	64	636
26139at3699	0	7	65
14343at3699	0	23	231
9485at3699	0	35	353
11330at3699	0	33	325
878at3699	0	90	897
9607at3699	0	35	350
18328at3699	0	18	184
7680at3699	0	39	390
8805at3699	0	46	461
16804at3699	0	28	275
898at3699	0	98	982
15365at3699	0	23	227
17008at3699	0	21	209
4104at3699	0	51	508
24823at3699	0	10	101
9989at3699	0	43	426
260at3699	0	111	1109
7214at3699	0	42	418
3994at3699	0	60	595
9900at3699	0	32	317
22518at3699	0	13	129
25260at3699	0	15	146
5901at3699	0	49	485
14530at3699	0	27	272
13691at3699	0	25	253
14251at3699	0	26	261
21597at3699	0	13	133
23352at3699	0	12	123
18048at3699	0	20	202
74at3699	0	245	1593
9399at3699	0	35	352
14065at3699	0	50	294
2171at3699	0	237	921
16490at3699	0	23	230
1292at3699	0	77	773
24669at3699	0	12	124
960at3699	0	112	866
9146at3699	0	32	320
8743at3699	0	63	628
24146at3699	0	9	93
2539at3699	0	66	661
13717at3699	0	28	283
18308at3699	0	24	238
6866at3699	0	41	409
22899at3699	0	13	130
5066at3699	0	45	445
21534at3699	0	14	135
6174at3699	0	42	420
8146at3699	0	48	475
2550at3699	0	60	602
7524at3699	0	39	389
5950at3699	0	63	634
14523at3699	0	31	306
11063at3699	0	34	340
19768at3699	0	24	242
2348at3699	0	65	649
13282at3699	0	25	253
3969at3699	0	65	653
10712at3699	0	28	282
18725at3699	0	21	208
2864at3699	0	68	680
16510at3699	0	25	247
10481at3699	0	45	454
13590at3699	0	25	253
11302at3699	0	75	411
10220at3699	0	35	349
15412at3699	0	27	265
3839at3699	0	53	526
15940at3699	0	26	258
13403at3699	0	26	264
6296at3699	0	45	449
25669at3699	0	10	99
21076at3699	0	14	137
4864at3699	0	56	562
8240at3699	0	38	376
3774at3699	0	61	512
5047at3699	0	100	532
293at3699	0	122	1216
825at3699	0	85	853
1801at3699	0	67	670
4001at3699	0	95	515
21863at3699	0	11	110
5744at3699	0	55	547
24283at3699	0	14	144
8461at3699	0	41	411
6244at3699	0	45	445
11074at3699	0	35	353
12465at3699	0	29	291
4541at3699	0	49	491
5689at3699	0	47	465
22069at3699	0	14	139
20511at3699	0	19	191
18923at3699	0	22	182
6876at3699	0	48	482
15555at3699	0	26	260
9223at3699	0	43	426
2615at3699	0	64	644
15360at3699	0	28	233
7139at3699	0	44	390
9032at3699	0	49	494
21088at3699	0	16	155
8979at3699	0	38	375
3660at3699	0	68	678
2914at3699	0	61	613
21131at3699	0	13	132
793at3699	0	86	855
4687at3699	0	61	614
5890at3699	0	41	412
14593at3699	0	16	163
173at3699	0	134	1344
18514at3699	0	17	167
1637at3699	0	78	783
3752at3699	0	64	640
7306at3699	0	42	424
11398at3699	0	34	340
4574at3699	0	50	502
5432at3699	0	43	432
8958at3699	0	37	371
13429at3699	0	32	318
4728at3699	0	51	510
15763at3699	0	27	270
3871at3699	0	55	548
20963at3699	0	17	167
17574at3699	0	22	222
10322at3699	0	35	346
4765at3699	0	48	483
13533at3699	0	29	286
16897at3699	0	19	189
19017at3699	0	23	227
7382at3699	0	40	398
3909at3699	0	53	525
11188at3699	0	39	393
3841at3699	0	57	572
22781at3699	0	13	128
10951at3699	0	30	304
3323at3699	0	65	646
17058at3699	0	30	304
12517at3699	0	34	343
7219at3699	0	41	414
24585at3699	0	10	95
4356at3699	0	58	579
7088at3699	0	73	351
10544at3699	0	33	331
15437at3699	0	27	270
9341at3699	0	38	363
6688at3699	0	43	426
3228at3699	0	49	492
6504at3699	0	77	423
25029at3699	0	36	257
24200at3699	0	16	155
2664at3699	0	68	657
14552at3699	0	26	259
19410at3699	0	19	187
15589at3699	0	27	270
4475at3699	0	62	624
5748at3699	0	52	524
1244at3699	0	86	859
23249at3699	0	16	159
22638at3699	0	16	162
18276at3699	0	29	288
9971at3699	0	41	342
20392at3699	0	15	147
5895at3699	0	47	472
5586at3699	0	47	474
7112at3699	0	44	442
4105at3699	0	62	620
11177at3699	0	31	309
3246at3699	0	54	537
8449at3699	0	54	359
11025at3699	0	36	357
3652at3699	0	49	486
3052at3699	0	61	609
18199at3699	0	26	257
7262at3699	0	41	407
14925at3699	0	25	254
13094at3699	0	24	243
51at3699	0	190	1901
24217at3699	0	15	149
3855at3699	0	49	492
18231at3699	0	22	218
8052at3699	0	48	482
14052at3699	0	26	264
5864at3699	0	45	451
15696at3699	0	28	278
8158at3699	0	41	407
3914at3699	0	52	517
1266at3699	0	73	726
3885at3699	0	66	491
8498at3699	0	37	368
24905at3699	0	10	97
4387at3699	0	57	565
21638at3699	0	17	168
6444at3699	0	44	442
8676at3699	0	35	347
5323at3699	0	46	462
16907at3699	0	26	255
4495at3699	0	53	461
2446at3699	0	100	997
11064at3699	0	36	362
12767at3699	0	59	332
19091at3699	0	18	175
20997at3699	0	15	148
3013at3699	0	70	696
18863at3699	0	16	161
9705at3699	0	35	347
14658at3699	0	31	308
3800at3699	0	93	567
2648at3699	0	65	654
17938at3699	0	25	250
24575at3699	0	10	99
18941at3699	0	32	182
8245at3699	0	41	411
1703at3699	0	71	713
24263at3699	0	12	116
23036at3699	0	13	133
13128at3699	0	34	344
7869at3699	0	50	498
869at3699	0	190	921
17791at3699	0	36	167
16529at3699	0	28	282
13845at3699	0	30	295
5085at3699	0	49	493
21724at3699	0	13	128
2558at3699	0	61	614
18410at3699	0	24	242
22794at3699	0	12	121
9889at3699	0	54	342
20839at3699	0	24	237
992at3699	0	96	957
18940at3699	0	19	189
26264at3699	0	9	86
8391at3699	0	75	510
26827at3699	0	5	47
2626at3699	0	62	623
5860at3699	0	42	419
1394at3699	0	74	740
1421at3699	0	74	739
12174at3699	0	31	313
12205at3699	0	30	303
19703at3699	0	24	240
4769at3699	0	46	459
1455at3699	0	71	707
12430at3699	0	30	297
9216at3699	0	38	383
2528at3699	0	60	601
696at3699	0	88	882
5368at3699	0	40	395
340at3699	0	256	1546
10688at3699	0	31	305
7231at3699	0	43	434
2968at3699	0	94	523
2149at3699	0	104	658
17179at3699	0	23	232
716at3699	0	176	936
9587at3699	0	35	354
8745at3699	0	38	375
9821at3699	0	37	370
5211at3699	0	46	456
1080at3699	0	86	861
1515at3699	0	74	743
22239at3699	0	13	130
16896at3699	0	21	208
8096at3699	0	40	400
9430at3699	0	38	343
16906at3699	0	18	176
24860at3699	0	9	91
3087at3699	0	52	522
3201at3699	0	60	602
2143at3699	0	66	658
10461at3699	0	34	338
15282at3699	0	26	262
11416at3699	0	31	314
2789at3699	0	62	615
5619at3699	0	44	437
13793at3699	0	27	269
6582at3699	0	51	512
4304at3699	0	59	444
9938at3699	0	40	400
15259at3699	0	24	239
11716at3699	0	30	301
503at3699	0	105	1007
7601at3699	0	73	368
2034at3699	0	71	713
7234at3699	0	42	422
23642at3699	0	19	120
368at3699	0	389	1435
14018at3699	0	30	295
5516at3699	0	48	482
23901at3699	0	13	129
2959at3699	0	61	610
7500at3699	0	45	448
21001at3699	0	21	143
22999at3699	0	17	167
5210at3699	0	45	448
529at3699	0	93	928
9814at3699	0	35	352
26195at3699	0	13	132
12519at3699	0	38	258
847at3699	0	85	854
19656at3699	0	17	174
2240at3699	0	92	915
11513at3699	0	36	358
5418at3699	0	50	498
2368at3699	0	84	836
8494at3699	0	39	389
4842at3699	0	46	456
6678at3699	0	43	434
4645at3699	0	47	470
5865at3699	0	47	471
23336at3699	0	14	139
19823at3699	0	19	190
2247at3699	0	65	645
12193at3699	0	31	305
11362at3699	0	31	309
12135at3699	0	32	319
8439at3699	0	39	394
24013at3699	0	15	145
3473at3699	0	59	594
9519at3699	0	82	410
22967at3699	0	17	170
348at3699	0	209	986
11933at3699	0	34	344
5363at3699	0	51	497
14059at3699	0	25	248
8586at3699	0	47	474
10919at3699	0	36	362
18878at3699	0	22	217
16559at3699	0	26	259
19086at3699	0	19	185
18408at3699	0	48	245
11369at3699	0	43	294
14671at3699	0	24	243
347at3699	0	100	1003
15911at3699	0	37	231
7176at3699	0	54	536
2109at3699	0	82	824
2696at3699	0	59	588
5151at3699	0	50	501
2795at3699	0	63	630
7769at3699	0	45	451
9442at3699	0	38	382
2437at3699	0	71	577
11852at3699	0	28	283
24694at3699	0	9	89
4748at3699	0	55	554
3840at3699	0	55	549
11275at3699	0	35	347
5395at3699	0	52	516
17490at3699	0	19	193
5413at3699	0	46	458
10611at3699	0	31	314
27022at3699	0	27	89
8861at3699	0	41	413
7048at3699	0	42	421
16124at3699	0	27	272
25470at3699	0	18	182
26229at3699	0	8	81
10700at3699	0	34	344
4432at3699	0	50	498
13033at3699	0	42	421
19547at3699	0	24	244
4684at3699	0	55	545
2031at3699	0	74	738
8491at3699	0	36	360
21291at3699	0	20	198
18206at3699	0	21	209
10510at3699	0	34	339
1052at3699	0	84	827
12017at3699	0	31	310
14772at3699	0	26	263
24265at3699	0	9	92
8528at3699	0	83	406
1820at3699	0	119	674
20819at3699	0	19	188
8886at3699	0	47	474
22331at3699	0	13	129
23212at3699	0	13	126
91at3699	0	172	1721
9492at3699	0	33	325
9172at3699	0	41	406
431at3699	0	89	893
15853at3699	0	22	219
18787at3699	0	27	274
23950at3699	0	9	92
11735at3699	0	31	306
24580at3699	0	12	116
23399at3699	0	12	122
5582at3699	0	44	444
18011at3699	0	25	250
10278at3699	0	29	286
6428at3699	0	76	382
34at3699	0	233	2332
2557at3699	0	70	702
22683at3699	0	11	107
3273at3699	0	62	623
14477at3699	0	31	307
11035at3699	0	31	306
22594at3699	0	44	175
11134at3699	0	34	344
4456at3699	0	52	515
1892at3699	0	80	798
26945at3699	0	6	55
3819at3699	0	62	620
9337at3699	0	39	386
2680at3699	0	65	649
10678at3699	0	33	334
6074at3699	0	41	414
11629at3699	0	34	336
16585at3699	0	25	248
17301at3699	0	21	211
16376at3699	0	39	213
13819at3699	0	28	284
7227at3699	0	50	503
16582at3699	0	26	232
2917at3699	0	65	652
6338at3699	0	43	429
22539at3699	0	16	160
21513at3699	0	14	139
9994at3699	0	32	322
6823at3699	0	42	421
2702at3699	0	92	733
3460at3699	0	57	570
343at3699	0	290	1014
5647at3699	0	72	425
14307at3699	0	24	243
16569at3699	0	23	232
8313at3699	0	37	374
2512at3699	0	64	644
13417at3699	0	48	259
10750at3699	0	34	339
8826at3699	0	34	337
14796at3699	0	25	247
4793at3699	0	52	515
7207at3699	0	47	465
12654at3699	0	27	271
4483at3699	0	72	720
5241at3699	0	50	503
9063at3699	0	39	392
7407at3699	0	39	392
10675at3699	0	36	355
3635at3699	0	53	533
25403at3699	0	11	105
14263at3699	0	23	233
4960at3699	0	49	485
19853at3699	0	15	150
3867at3699	0	54	541
12189at3699	0	43	326
2601at3699	0	59	590
15718at3699	0	34	339
20322at3699	0	21	214
785at3699	0	90	895
15060at3699	0	32	279
7166at3699	0	42	420
19240at3699	0	19	189
19403at3699	0	19	191
15344at3699	0	23	225
15899at3699	0	23	234
20565at3699	0	17	168
544at3699	0	101	1009
7274at3699	0	43	429
12214at3699	0	33	331
5105at3699	0	52	518
10708at3699	0	30	301
17883at3699	0	26	264
23049at3699	0	12	122
22202at3699	0	19	194
60at3699	0	175	1747
17243at3699	0	20	202
4669at3699	0	49	490
4500at3699	0	130	481
8003at3699	0	39	393
1478at3699	0	168	701
19886at3699	0	20	195
5771at3699	0	45	453
702at3699	0	82	820
21318at3699	0	25	254
6448at3699	0	45	445
2222at3699	0	90	678
25159at3699	0	9	94
9546at3699	0	39	389
871at3699	0	55	545
2757at3699	0	67	674
19867at3699	0	22	218
295at3699	0	180	1061
14038at3699	0	25	249
9963at3699	0	33	326
8718at3699	0	47	471
10293at3699	0	34	342
22862at3699	0	14	140
7758at3699	0	41	410
11204at3699	0	34	338
12942at3699	0	46	245
3857at3699	0	57	574
21466at3699	0	14	138
1459at3699	0	79	785
11340at3699	0	33	328
16349at3699	0	26	256
16160at3699	0	24	240
1880at3699	0	71	709
17468at3699	0	19	189
4706at3699	0	56	555
22660at3699	0	17	170
4056at3699	0	49	485
15104at3699	0	34	340
9447at3699	0	37	370
1256at3699	0	72	723
959at3699	0	82	816
2818at3699	0	66	661
12879at3699	0	27	266
5144at3699	0	43	433
11242at3699	0	34	341
2947at3699	0	56	560
682at3699	0	92	921
16542at3699	0	38	193
13431at3699	0	33	333
6616at3699	0	110	381
21955at3699	0	14	139
4694at3699	0	52	516
2036at3699	0	60	598
25346at3699	0	10	102
8683at3699	0	42	415
22803at3699	0	12	120
14869at3699	0	24	236
16200at3699	0	25	247
24386at3699	0	11	111
22159at3699	0	25	208
4987at3699	0	70	414
18336at3699	0	20	202
2665at3699	0	57	574
20318at3699	0	19	185
5801at3699	0	48	478
1137at3699	0	79	787
4093at3699	0	53	531
24026at3699	0	10	96
13528at3699	0	32	317
26374at3699	0	6	64
13335at3699	0	27	270
9683at3699	0	47	470
18299at3699	0	19	189
14361at3699	0	26	264
17566at3699	0	28	277
19160at3699	0	21	207
21580at3699	0	11	110
9684at3699	0	48	481
14998at3699	0	27	266
1611at3699	0	102	750
15968at3699	0	22	221
24327at3699	0	11	112
20376at3699	0	17	167
10608at3699	0	36	364
23193at3699	0	11	107
6891at3699	0	46	456
6078at3699	0	42	423
4791at3699	0	50	503
22494at3699	0	12	120
8092at3699	0	40	399
829at3699	0	99	988
2040at3699	0	179	596
4418at3699	0	56	561
4058at3699	0	49	491
814at3699	0	87	866
11384at3699	0	40	399
21457at3699	0	20	196
9932at3699	0	37	368
12884at3699	0	35	347
19815at3699	0	18	180
6498at3699	0	43	428
14678at3699	0	24	241
22185at3699	0	12	122
14444at3699	0	30	297
213at3699	0	134	1342
16653at3699	0	23	234
22458at3699	0	19	189
71at3699	0	177	1767
1899at3699	0	75	751
23174at3699	0	17	166
5205at3699	0	56	564
18868at3699	0	21	207
15124at3699	0	28	277
3881at3699	0	54	543
9661at3699	0	38	375
3074at3699	0	59	586
7294at3699	0	41	413
9109at3699	0	48	405
8362at3699	0	39	385
13856at3699	0	27	267
14138at3699	0	26	264
4673at3699	0	64	544
21989at3699	0	15	146
15031at3699	0	26	262
5626at3699	0	55	554
2332at3699	0	68	683
1646at3699	0	154	858
19803at3699	0	21	211
21285at3699	0	18	176
22091at3699	0	15	151
8204at3699	0	40	396
19182at3699	0	20	198
5315at3699	0	47	474
17835at3699	0	43	428
8267at3699	0	43	427
9386at3699	0	36	363
10640at3699	0	32	319
3474at3699	0	59	585
7226at3699	0	43	433
18596at3699	0	22	221
19756at3699	0	18	177
13337at3699	0	28	278
1849at3699	0	68	676
657at3699	0	116	1156
13978at3699	0	25	254
6112at3699	0	79	474
6502at3699	0	58	581
10957at3699	0	33	334
6162at3699	0	46	456
7196at3699	0	51	508
8456at3699	0	42	418
7218at3699	0	41	407
22595at3699	0	20	199
179at3699	0	279	1119
23229at3699	0	14	139
11731at3699	0	33	332
16834at3699	0	22	222
8266at3699	0	40	397
11782at3699	0	37	372
15431at3699	0	31	308
2946at3699	0	57	572
852at3699	0	88	878
3056at3699	0	151	515
15322at3699	0	43	430
1812at3699	0	72	720
18559at3699	0	23	234
5026at3699	0	53	525
6474at3699	0	73	426
22077at3699	0	13	131
20541at3699	0	21	210
2042at3699	0	66	655
11186at3699	0	34	337
83at3699	0	162	1621
16509at3699	0	26	256
3655at3699	0	71	714
9383at3699	0	38	382
8363at3699	0	41	406
8310at3699	0	35	352
12251at3699	0	32	316
1335at3699	0	87	870
5510at3699	0	47	471
17806at3699	0	32	322
8971at3699	0	35	353
6038at3699	0	49	490
662at3699	0	86	862
4215at3699	0	57	574
23105at3699	0	10	102
8776at3699	0	39	391
3380at3699	0	51	508
7568at3699	0	39	394
12784at3699	0	30	301
18781at3699	0	20	201
7393at3699	0	76	395
26169at3699	0	4	35
11972at3699	0	34	335
24152at3699	0	9	93
2790at3699	0	65	646
2765at3699	0	59	594
11202at3699	0	33	329
11402at3699	0	33	333
8532at3699	0	37	367
13027at3699	0	31	312
9046at3699	0	69	301
1902at3699	0	66	632
3805at3699	0	52	522
7185at3699	0	43	432
19772at3699	0	28	281
756at3699	0	85	853
10349at3699	0	37	365
6065at3699	0	47	468
4031at3699	0	50	499
10209at3699	0	41	408
5570at3699	0	46	459
2415at3699	0	67	669
9125at3699	0	36	359
13064at3699	0	32	320
4717at3699	0	41	412
18997at3699	0	21	211
13584at3699	0	28	278
1251at3699	0	71	711
3373at3699	0	140	534
16300at3699	0	23	225
13871at3699	0	30	299
20219at3699	0	19	190
11594at3699	0	29	293
1072at3699	0	273	911
8311at3699	0	38	380
24093at3699	0	12	118
5197at3699	0	141	469
10007at3699	0	37	366
6006at3699	0	42	415
13706at3699	0	26	256
14062at3699	0	32	320
10818at3699	0	86	288
23764at3699	0	20	119
17637at3699	0	22	223
2835at3699	0	63	627
4639at3699	0	50	500
7978at3699	0	40	368
2390at3699	0	57	568
19282at3699	0	20	203
19092at3699	0	20	204
20841at3699	0	15	152
13358at3699	0	47	287
25255at3699	0	7	74
25010at3699	0	11	98
792at3699	0	149	794
5968at3699	0	45	454
17745at3699	0	22	221
8129at3699	0	39	387
4758at3699	0	53	527
17884at3699	0	21	206
14720at3699	0	26	261
1224at3699	0	115	814
18991at3699	0	17	172
2742at3699	0	61	608
14420at3699	0	30	301
4994at3699	0	54	535
3426at3699	0	58	579
1714at3699	0	70	703
119at3699	0	274	1307
42at3699	0	194	1937
11361at3699	0	52	494
19602at3699	0	20	183
23354at3699	0	9	90
12951at3699	0	33	330
2224at3699	0	59	586
4041at3699	0	51	507
2203at3699	0	63	632
4272at3699	0	56	556
6394at3699	0	46	459
18223at3699	0	19	187
26389at3699	0	6	62
17861at3699	0	26	258
1488at3699	0	68	683
17189at3699	0	23	234
10352at3699	0	33	334
7381at3699	0	37	372
13568at3699	0	32	317
19865at3699	0	18	183
23637at3699	0	18	156
21377at3699	0	13	128
7496at3699	0	50	427
9263at3699	0	40	398
1054at3699	0	84	843
21663at3699	0	21	209
667at3699	0	99	987
5743at3699	0	50	502
21935at3699	0	13	134
11245at3699	0	32	318
4958at3699	0	56	556
2786at3699	0	61	605
23852at3699	0	12	120
22818at3699	0	10	104
24713at3699	0	11	88
7746at3699	0	39	391
25806at3699	0	13	130
23027at3699	0	13	134
79at3699	0	174	1740
235at3699	0	125	1249
23569at3699	0	11	114
15085at3699	0	31	311
2451at3699	0	61	605
9204at3699	0	45	446
13266at3699	0	31	313
980at3699	0	88	881
3277at3699	0	60	600
3510at3699	0	66	663
5275at3699	0	46	460
10558at3699	0	32	315
16711at3699	0	22	215
5332at3699	0	56	559
6331at3699	0	44	436
11810at3699	0	30	296
255at3699	0	114	1142
9935at3699	0	107	363
19299at3699	0	22	222
14859at3699	0	27	273
22692at3699	0	71	235
3255at3699	0	62	622
1354at3699	0	89	892
1673at3699	0	71	707
7367at3699	0	39	389
725at3699	0	108	1081
20821at3699	0	52	179
7111at3699	0	44	435
9849at3699	0	40	395
20799at3699	0	16	163
1521at3699	0	74	735
16254at3699	0	26	261
2694at3699	0	61	613
6015at3699	0	48	478
11514at3699	0	39	385
930at3699	0	85	850
6164at3699	0	44	440
20320at3699	0	13	127
26679at3699	0	6	58
2287at3699	0	142	698
462at3699	0	104	1036
9011at3699	0	43	434
10917at3699	0	39	394
3275at3699	0	62	615
5665at3699	0	53	527
5859at3699	0	41	414
13241at3699	0	28	280
3519at3699	0	54	542
747at3699	0	92	916
21371at3699	0	19	186
4841at3699	0	44	435
8608at3699	0	41	405
2751at3699	0	66	660
19888at3699	0	19	194
2482at3699	0	62	620
4982at3699	0	49	493
10106at3699	0	35	345
7254at3699	0	43	434
5975at3699	0	48	477
17837at3699	0	19	188
15681at3699	0	27	271
1499at3699	0	76	756
16993at3699	0	22	221
13288at3699	0	28	279
21639at3699	0	13	132
2650at3699	0	67	673
1309at3699	0	186	776
1430at3699	0	80	797
26509at3699	0	4	44
6347at3699	0	41	412
3311at3699	0	52	521
13676at3699	0	26	257
1156at3699	0	78	779
1192at3699	0	78	777
15366at3699	0	29	290
1at3699	0	606	4129
15142at3699	0	24	238
17857at3699	0	18	180
11665at3699	0	42	416
12306at3699	0	35	351
8291at3699	0	42	419
19522at3699	0	17	171
3368at3699	0	49	490
18at3699	0	691	2302
13218at3699	0	22	222
10594at3699	0	38	380
9174at3699	0	39	394
10774at3699	0	32	315
4809at3699	0	49	485
11937at3699	0	42	419
5792at3699	0	66	658
5643at3699	0	67	672
23830at3699	0	10	103
3025at3699	0	56	564
1195at3699	0	80	799
4810at3699	0	55	474
17866at3699	0	21	214
14929at3699	0	25	253
695at3699	0	85	850
10173at3699	0	33	332
1532at3699	0	73	727
3149at3699	0	58	576
2473at3699	0	66	661
14381at3699	0	38	376
16733at3699	0	26	261
8888at3699	0	104	467
16491at3699	0	26	202
6826at3699	0	46	457
18850at3699	0	164	583
19895at3699	0	17	172
6171at3699	0	49	489
18898at3699	0	20	202
6481at3699	0	41	412
19559at3699	0	16	162
20590at3699	0	14	137
19193at3699	0	27	270
1239at3699	0	77	766
12523at3699	0	31	308
13363at3699	0	33	326
17967at3699	0	36	232
4457at3699	0	55	548
18828at3699	0	18	178
6631at3699	0	44	438
6454at3699	0	58	577
22831at3699	0	13	127
13554at3699	0	36	318
6130at3699	0	44	440
6537at3699	0	43	429
2808at3699	0	57	567
6034at3699	0	45	448
19629at3699	0	21	209
8293at3699	0	41	406
3825at3699	0	57	573
21441at3699	0	14	135
2366at3699	0	69	687
17480at3699	0	21	213
98at3699	0	151	1511
20169at3699	0	15	148
5912at3699	0	44	437
7444at3699	0	50	502
21191at3699	0	17	167
26529at3699	0	5	51
10815at3699	0	31	307
7960at3699	0	44	435
20778at3699	0	16	158
21242at3699	0	20	192
11653at3699	0	29	288
24966at3699	0	12	119
134at3699	0	156	1562
26032at3699	0	7	74
5580at3699	0	42	415
10252at3699	0	33	328
6320at3699	0	42	420
14547at3699	0	24	236
12574at3699	0	30	298
15693at3699	0	22	216
21804at3699	0	12	123
21642at3699	0	24	240
5699at3699	0	49	487
8198at3699	0	41	406
8695at3699	0	40	402
5780at3699	0	42	421
19678at3699	0	19	189
12157at3699	0	30	304
14892at3699	0	33	332
5253at3699	0	49	486
926at3699	0	83	830
11718at3699	0	33	331
5339at3699	0	113	445
722at3699	0	177	794
12369at3699	0	28	277
4378at3699	0	80	476
12146at3699	0	37	371
286at3699	0	166	1145
21832at3699	0	14	135
1462at3699	0	78	784
9042at3699	0	36	361
1852at3699	0	62	616
23648at3699	0	12	118
3625at3699	0	64	641
5651at3699	0	49	493
14080at3699	0	30	295
7019at3699	0	41	413
3934at3699	0	66	659
18918at3699	0	24	237
2853at3699	0	83	832
19649at3699	0	23	226
11650at3699	0	32	323
8452at3699	0	39	394
224at3699	0	5	52
26396at3699	0	8	77
15283at3699	0	29	287
11932at3699	0	32	323
17226at3699	0	20	197
6811at3699	0	42	417
14483at3699	0	25	246
10615at3699	0	34	336
8809at3699	0	55	333
26654at3699	0	5	53
24644at3699	0	12	120
1190at3699	0	82	821
16664at3699	0	19	191
22498at3699	0	17	166
20964at3699	0	21	206
9816at3699	0	33	325
14166at3699	0	37	344
13198at3699	0	29	290
922at3699	0	77	772
17091at3699	0	27	266
14793at3699	0	34	333
7006at3699	0	40	403
20460at3699	0	20	198
21759at3699	0	13	134
23462at3699	0	12	124
18272at3699	0	19	194
15900at3699	0	26	259
4451at3699	0	52	515
25871at3699	0	7	68
20930at3699	0	16	155
2565at3699	0	70	695
12118at3699	0	34	336
23251at3699	0	14	142
14193at3699	0	29	288
14044at3699	0	26	262
12474at3699	0	37	373
14450at3699	0	25	247
1257at3699	0	88	877
1872at3699	0	72	715
17412at3699	0	25	248
9344at3699	0	38	384
16936at3699	0	22	217
10257at3699	0	33	325
2748at3699	0	62	616
15186at3699	0	28	281
3768at3699	0	55	553
21788at3699	0	13	126
5755at3699	0	41	409
8954at3699	0	42	418
7537at3699	0	37	370
13103at3699	0	29	287
21697at3699	0	12	124
5726at3699	0	112	419
17287at3699	0	31	308
26727at3699	0	24	164
3578at3699	0	57	566
1437at3699	0	78	778
17289at3699	0	24	241
16606at3699	0	41	409
13914at3699	0	35	346
18540at3699	0	20	202
14940at3699	0	28	277
16800at3699	0	20	197
12887at3699	0	32	324
164at3699	0	141	1406
22715at3699	0	15	151
16005at3699	0	37	365
10463at3699	0	35	345
10178at3699	0	34	335
18776at3699	0	17	168
5712at3699	0	44	436
13911at3699	0	31	310
23502at3699	0	12	123
9509at3699	0	34	335
477at3699	0	100	998
5754at3699	0	42	423
2608at3699	0	57	574
1316at3699	0	77	774
1584at3699	0	66	656
23717at3699	0	14	138
9133at3699	0	37	373
24131at3699	0	9	94
50at3699	0	175	1753
17742at3699	0	21	210
21990at3699	0	18	184
3790at3699	0	26	259
4322at3699	0	50	499
5196at3699	0	53	526
22101at3699	0	13	129
18625at3699	0	21	211
18446at3699	0	20	195
11693at3699	0	33	326
12368at3699	0	32	315
24286at3699	0	14	143
24264at3699	0	16	159
1095at3699	0	73	731
13916at3699	0	30	302
17163at3699	0	21	207
6339at3699	0	43	427
14169at3699	0	28	276
24259at3699	0	12	119
13750at3699	0	30	300
12627at3699	0	60	286
21488at3699	0	23	229
11655at3699	0	30	304
20021at3699	0	26	255
10329at3699	0	34	339
19228at3699	0	24	237
1525at3699	0	122	551
5466at3699	0	49	494
1808at3699	0	69	691
5012at3699	0	44	440
13457at3699	0	29	287
2891at3699	0	65	653
12103at3699	0	36	364
18351at3699	0	13	128
1699at3699	0	69	686
7944at3699	0	40	397
15611at3699	0	24	239
5325at3699	0	48	480
13766at3699	0	31	310
9351at3699	0	42	420
14840at3699	0	25	252
3067at3699	0	67	673
3158at3699	0	84	540
20290at3699	0	17	167
18627at3699	0	35	347
26554at3699	0	14	112
18892at3699	0	20	198
10792at3699	0	30	302
9456at3699	0	42	420
7669at3699	0	39	394
21651at3699	0	14	142
17090at3699	0	26	260
840at3699	0	89	894
4681at3699	0	48	483
12212at3699	0	31	313
21053at3699	0	19	193
1749at3699	0	67	665
19081at3699	0	19	185
2421at3699	0	55	548
1457at3699	0	67	672
22241at3699	0	15	146
14960at3699	0	28	277
530at3699	0	181	906
18264at3699	0	23	227
4067at3699	0	57	566
7744at3699	0	43	431
15338at3699	0	30	302
21415at3699	0	15	147
4097at3699	0	48	479
11350at3699	0	35	353
9476at3699	0	36	361
1541at3699	0	165	777
7648at3699	0	41	411
9084at3699	0	35	345
1483at3699	0	76	762
14535at3699	0	26	263
11658at3699	0	33	325
16816at3699	0	18	180
2496at3699	0	63	627
18046at3699	0	21	213
3101at3699	0	58	579
22707at3699	0	13	128
13721at3699	0	27	274
1228at3699	0	80	804
4724at3699	0	53	527
490at3699	0	112	1116
13203at3699	0	26	263
6822at3699	0	108	414
5385at3699	0	53	459
1523at3699	0	78	778
13876at3699	0	27	271
15863at3699	0	23	230
22337at3699	0	24	200
23847at3699	0	10	103
2104at3699	0	68	680
24589at3699	0	10	103
1470at3699	0	72	717
3070at3699	0	101	624
22047at3699	0	13	131
25393at3699	0	11	114
10978at3699	0	32	317
5136at3699	0	99	448
17242at3699	0	20	201
2625at3699	0	68	679
13783at3699	0	27	273
5606at3699	0	48	479
9869at3699	0	39	390
8884at3699	0	47	468
12181at3699	0	28	279
3453at3699	0	61	613
6389at3699	0	42	417
678at3699	0	95	953
19975at3699	0	15	151
25520at3699	0	7	69
24732at3699	0	11	99
6395at3699	0	54	542
1741at3699	0	64	635
2675at3699	0	61	611
8467at3699	0	36	364
592at3699	0	90	898
26426at3699	0	5	54
78at3699	0	161	1612
20897at3699	0	25	246
11979at3699	0	65	329
9117at3699	0	44	410
24163at3699	0	10	100
6949at3699	0	44	438
9007at3699	0	37	366
891at3699	0	87	866
1385at3699	0	133	769
1090at3699	0	84	838
18680at3699	0	32	189
14008at3699	0	27	269
25754at3699	0	6	59
9508at3699	0	33	331
19961at3699	0	30	195
18669at3699	0	22	218
2457at3699	0	68	682
11518at3699	0	38	377
21103at3699	0	15	149
20732at3699	0	18	178
5414at3699	0	47	466
20162at3699	0	20	204
9759at3699	0	35	353
7451at3699	0	39	387
25479at3699	0	9	73
4238at3699	0	52	519
25679at3699	0	10	101
12324at3699	0	32	284
2262at3699	0	114	668
9094at3699	0	35	354
11371at3699	0	32	321
13290at3699	0	29	285
3889at3699	0	55	550
5379at3699	0	42	415
20782at3699	0	15	152
876at3699	0	86	858
10635at3699	0	37	373
8611at3699	0	43	431
2087at3699	0	62	621
16147at3699	0	24	244
4352at3699	0	46	460
125at3699	0	151	1507
1653at3699	0	71	708
19936at3699	0	28	214
10826at3699	0	102	405
11632at3699	0	30	300
1712at3699	0	69	694
